0 [0,720] 0 Distance: [0, 56, 83, 60, 42, 15, 63, 76, 45, 79, 46, 25, 48, 64, 29, 15, 32, 45, 30, 67, 78, 85, 61, 13, 82, 16, 14, 83, 23, 34, 12, 65, 13, 46, 30, 81, 63, 17, 85, 38, 23, 10, 84, 17, 69, 82, 56, 51, 68, 74, 85, 89, 31, 16, 48, 24, 85, 43, 75, 47, 69, 17, 42, 39, 45, 87, 72, 28, 37, 66]
1 [55,243] 85 Distance: [56, 0, 24, 83, 89, 89, 49, 64, 71, 16, 13, 51, 14, 14, 48, 44, 58, 25, 71, 71, 24, 70, 13, 54, 22, 79, 44, 29, 39, 68, 32, 57, 18, 43, 87, 30, 10, 37, 85, 11, 89, 14, 84, 60, 85, 64, 73, 76, 68, 69, 50, 69, 76, 39, 75, 22, 51, 71, 31, 79, 53, 22, 60, 44, 84, 34, 79, 28, 26, 64]
2 [95,302] 64 Distance: [83, 24, 0, 47, 45, 89, 67, 86, 85, 84, 55, 73, 63, 71, 61, 40, 33, 64, 35, 81, 70, 81, 30, 63, 76, 77, 39, 80, 60, 64, 47, 69, 50, 60, 48, 82, 40, 45, 18, 69, 83, 62, 87, 35, 73, 69, 36, 46, 62, 73, 76, 67, 58, 68, 26, 63, 72, 51, 26, 66, 61, 42, 37, 44, 19, 52, 72, 35, 34, 57]
3 [97,308] 33 Distance: [60, 83, 47, 0, 64, 55, 74, 24, 52, 60, 79, 19, 78, 87, 17, 26, 39, 84, 86, 64, 62, 52, 23, 42, 85, 52, 68, 38, 57, 56, 52, 72, 76, 22, 62, 15, 80, 47, 45, 54, 81, 41, 19, 54, 32, 71, 77, 56, 40, 74, 15, 25, 63, 48, 28, 71, 43, 75, 67, 72, 46, 61, 73, 25, 47, 63, 64, 52, 22, 33]
4 [130,447] 33 Distance: [42, 89, 45, 64, 0, 17, 43, 20, 27, 59, 32, 77, 82, 87, 55, 67, 71, 87, 67, 16, 41, 11, 45, 79, 27, 80, 20, 56, 16, 54, 46, 86, 82, 12, 60, 23, 66, 42, 75, 80, 57, 74, 23, 89, 45, 83, 58, 60, 80, 20, 18, 70, 50, 26, 33, 87, 39, 30, 30, 28, 20, 78, 56, 86, 66, 38, 59, 38, 20, 11]
5 [114,479] 8 Distance: [15, 89, 89, 55, 17, 0, 11, 24, 21, 84, 45, 25, 75, 85, 22, 23, 89, 25, 10, 51, 16, 11, 70, 85, 52, 17, 58, 61, 61, 38, 46, 81, 36, 82, 21, 24, 62, 41, 47, 81, 53, 29, 56, 65, 81, 16, 30, 23, 37, 10, 16, 78, 38, 67, 49, 31, 39, 45, 44, 63, 79, 17, 82, 12, 60, 37, 14, 64, 33, 71]
6 [62,224] 80 Distance: [63, 49, 67, 74, 43, 11, 0, 10, 32, 43, 57, 58, 83, 33, 73, 70, 18, 57, 59, 70, 41, 72, 37, 54, 87, 17, 55, 72, 23, 79, 69, 24, 27, 14, 18, 11, 34, 83, 42, 17, 55, 11, 44, 73, 70, 65, 19, 19, 42, 26, 16, 65, 88, 58, 70, 87, 34, 25, 81, 50, 89, 16, 19, 69, 66, 29, 61, 78, 83, 71]
7 [116,374] 43 Distance: [76, 64, 86, 24, 20, 24, 10, 0, 22, 39, 27, 11, 43, 72, 59, 84, 51, 25, 69, 89, 14, 85, 31, 33, 58, 27, 20, 66, 17, 46, 88, 54, 18, 44, 21, 30, 74, 60, 22, 33, 79, 32, 64, 45, 57, 26, 40, 15, 29, 75, 85, 29, 39, 87, 51, 16, 20, 36, 33, 47, 74, 65, 88, 54, 20, 66, 88, 86, 13, 74]
8 [194,397] 52 Distance: [45, 71, 85, 52, 27, 21, 32, 22, 0, 80, 69, 88, 66, 42, 22, 58, 53, 81, 84, 85, 62, 15, 40, 17, 57, 56, 11, 89, 38, 45, 37, 64, 29, 61, 51, 78, 11, 62, 86, 74, 10, 52, 24, 70, 46, 12, 26, 66, 28, 56, 41, 30, 53, 23, 80, 79, 64, 80, 54, 77, 54, 43, 40, 87, 71, 44, 49, 67, 42, 13]
9 [109,293] 50 Distance: [79, 16, 84, 60, 59, 84, 43, 39, 80, 0, 21, 54, 33, 71, 61, 12, 75, 28, 77, 69, 83, 36, 66, 28, 69, 33, 87, 53, 65, 17, 70, 19, 88, 17, 11, 67, 83, 57, 84, 88, 20, 23, 37, 68, 20, 27, 41, 15, 11, 77, 34, 23, 30, 54, 81, 53, 82, 81, 33, 88, 62, 31, 14, 64, 47, 33, 19, 56, 38, 22]
10 [65,371] 76 Distance: [46, 13, 55, 79, 32, 45, 57, 27, 69, 21, 0, 17, 49, 28, 18, 11, 56, 69, 87, 62, 35, 82, 66, 15, 45, 64, 68, 60, 27, 15, 43, 84, 58, 45, 61, 66, 87, 48, 81, 69, 43, 18, 42, 11, 65, 54, 48, 43, 70, 42, 60, 82, 11, 37, 48, 70, 42, 79, 18, 54, 67, 48, 83, 50, 17, 64, 47, 87, 30, 78]
11 [53,325] 8 Distance: [25, 51, 73, 19, 77, 25, 58, 11, 88, 54, 17, 0, 83, 66, 63, 76, 86, 38, 61, 72, 22, 89, 50, 53, 81, 41, 29, 87, 28, 43, 81, 62, 34, 20, 32, 58, 61, 32, 31, 45, 26, 16, 71, 14, 76, 17, 40, 57, 48, 87, 57, 83, 56, 57, 32, 28, 23, 53, 42, 61, 24, 84, 72, 17, 59, 40, 87, 48, 28, 66]
12 [41,234] 22 Distance: [48, 14, 63, 78, 82, 75, 83, 43, 66, 33, 49, 83, 0, 58, 22, 65, 49, 70, 19, 17, 21, 42, 59, 28, 33, 25, 46, 10, 78, 69, 17, 84, 12, 25, 59, 41, 83, 82, 60, 78, 72, 28, 87, 70, 12, 69, 33, 73, 30, 16, 50, 52, 81, 73, 88, 77, 56, 80, 58, 48, 13, 19, 10, 75, 49, 76, 52, 67, 77, 20]
13 [101,298] 55 Distance: [64, 14, 71, 87, 87, 85, 33, 72, 42, 71, 28, 66, 58, 0, 67, 81, 56, 34, 67, 45, 17, 21, 81, 69, 44, 73, 30, 58, 58, 41, 34, 87, 16, 66, 46, 30, 26, 48, 58, 33, 88, 88, 12, 26, 70, 32, 26, 56, 74, 30, 23, 70, 71, 60, 73, 10, 46, 37, 44, 39, 36, 15, 15, 15, 78, 69, 27, 72, 40, 63]
14 [50,101] 40 Distance: [29, 48, 61, 17, 55, 22, 73, 59, 22, 61, 18, 63, 22, 67, 0, 52, 89, 70, 16, 57, 82, 50, 44, 85, 38, 84, 52, 88, 54, 16, 63, 47, 58, 40, 55, 63, 46, 82, 62, 18, 88, 85, 11, 88, 34, 77, 20, 46, 24, 14, 89, 12, 31, 69, 11, 24, 15, 41, 71, 73, 31, 32, 35, 54, 76, 63, 20, 12, 21, 74]
15 [238,362] 40 Distance: [15, 44, 40, 26, 67, 23, 70, 84, 58, 12, 11, 76, 65, 81, 52, 0, 25, 46, 70, 57, 72, 23, 63, 11, 67, 59, 65, 20, 71, 27, 52, 18, 81, 23, 24, 78, 60, 46, 70, 13, 75, 50, 49, 86, 31, 54, 79, 46, 54, 89, 14, 47, 34, 28, 37, 87, 81, 47, 72, 12, 77, 58, 71, 30, 18, 55, 52, 53, 23, 61]
16 [91,222] 7 Distance: [32, 58, 33, 39, 71, 89, 18, 51, 53, 75, 56, 86, 49, 56, 89, 25, 0, 47, 73, 43, 38, 63, 17, 46, 34, 31, 51, 57, 69, 83, 58, 74, 44, 86, 53, 32, 29, 66, 59, 80, 60, 10, 29, 66, 10, 39, 20, 43, 39, 29, 42, 55, 72, 26, 68, 66, 36, 11, 60, 36, 40, 10, 78, 23, 59, 39, 40, 86, 59, 66]
17 [121,175] 13 Distance: [45, 25, 64, 84, 87, 25, 57, 25, 81, 28, 69, 38, 70, 34, 70, 46, 47, 0, 68, 68, 70, 51, 18, 69, 37, 86, 62, 61, 35, 86, 50, 83, 59, 85, 68, 50, 15, 69, 63, 28, 53, 22, 47, 59, 28, 76, 54, 54, 28, 60, 12, 60, 59, 20, 35, 64, 76, 52, 72, 17, 18, 61, 37, 36, 35, 20, 36, 64, 55, 34]
18 [46,68] 74 Distance: [30, 71, 35, 86, 67, 10, 59, 69, 84, 77, 87, 61, 19, 67, 16, 70, 73, 68, 0, 78, 54, 80, 59, 82, 27, 35, 73, 33, 68, 52, 69, 85, 29, 80, 18, 34, 54, 52, 70, 37, 42, 59, 85, 89, 29, 36, 76, 40, 49, 82, 86, 78, 69, 28, 78, 42, 59, 53, 18, 62, 84, 71, 81, 85, 27, 40, 81, 52, 26, 15]
19 [90,394] 55 Distance: [67, 71, 81, 64, 16, 51, 70, 89, 85, 69, 62, 72, 17, 45, 57, 57, 43, 68, 78, 0, 31, 89, 45, 16, 68, 32, 65, 82, 48, 69, 56, 17, 53, 19, 45, 47, 35, 27, 30, 54, 59, 80, 11, 25, 51, 15, 73, 40, 21, 13, 18, 50, 20, 88, 29, 85, 44, 63, 38, 81, 52, 61, 74, 26, 19, 17, 34, 76, 60, 25]
20 [105,112] 15 Distance: [78, 24, 70, 62, 41, 16, 41, 14, 62, 83, 35, 22, 21, 17, 82, 72, 38, 70, 54, 31, 0, 41, 25, 24, 13, 59, 46, 79, 24, 12, 20, 18, 48, 18, 82, 71, 39, 16, 47, 34, 42, 47, 21, 45, 23, 59, 17, 68, 59, 72, 71, 47, 25, 32, 19, 77, 55, 26, 58, 57, 50, 55, 79, 12, 18, 12, 49, 79, 25, 71]
21 [138,212] 35 Distance: [85, 70, 81, 52, 11, 11, 72, 85, 15, 36, 82, 89, 42, 21, 50, 23, 63, 51, 80, 89, 41, 0, 65, 26, 68, 33, 66, 62, 52, 63, 41, 12, 38, 84, 68, 32, 46, 54, 87, 61, 83, 11, 65, 38, 19, 80, 61, 23, 55, 69, 68, 14, 34, 73, 80, 88, 35, 78, 76, 44, 42, 73, 39, 30, 86, 56, 39, 82, 60, 48]
22 [80,127] 48 Distance: [61, 13, 30, 23, 45, 70, 37, 31, 40, 66, 66, 50, 59, 81, 44, 63, 17, 18, 59, 45, 25, 65, 0, 10, 78, 37, 18, 71, 74, 15, 57, 19, 38, 67, 18, 16, 72, 22, 56, 16, 32, 25, 28, 87, 74, 27, 78, 46, 16, 31, 58, 20, 57, 88, 81, 15, 34, 64, 67, 80, 88, 56, 38, 69, 63, 58, 54, 23, 17, 10]
23 [13,413] 57 Distance: [13, 54, 63, 42, 79, 85, 54, 33, 17, 28, 15, 53, 28, 69, 85, 11, 46, 69, 82, 16, 24, 26, 10, 0, 25, 52, 22, 75, 61, 23, 45, 78, 17, 83, 85, 37, 61, 15, 10, 69, 14, 59, 63, 42, 50, 80, 52, 84, 76, 38, 36, 47, 53, 31, 30, 49, 16, 64, 78, 13, 39, 32, 40, 20, 39, 41, 64, 11, 85, 60]
24 [72,319] 80 Distance: [82, 22, 76, 85, 27, 52, 87, 58, 57, 69, 45, 81, 33, 44, 38, 67, 34, 37, 27, 68, 13, 68, 78, 25, 0, 40, 39, 43, 81, 39, 85, 83, 12, 34, 38, 79, 74, 26, 56, 35, 11, 67, 64, 48, 42, 44, 34, 77, 55, 63, 35, 20, 37, 38, 38, 86, 15, 40, 35, 60, 54, 47, 70, 59, 38, 55, 67, 67, 86, 70]
25 [44,295] 54 Distance: [16, 79, 77, 52, 80, 17, 17, 27, 56, 33, 64, 41, 25, 73, 84, 59, 31, 86, 35, 32, 59, 33, 37, 52, 40, 0, 39, 68, 78, 66, 57, 78, 35, 51, 32, 19, 46, 71, 78, 43, 75, 59, 26, 20, 12, 61, 75, 52, 61, 27, 48, 45, 83, 71, 13, 43, 78, 26, 64, 29, 46, 17, 50, 45, 81, 57, 41, 46, 26, 51]
26 [132,297] 20 Distance: [14, 44, 39, 68, 20, 58, 55, 20, 11, 87, 68, 29, 46, 30, 52, 65, 51, 62, 73, 65, 46, 66, 18, 22, 39, 39, 0, 73, 49, 46, 19, 58, 68, 71, 11, 53, 24, 59, 79, 57, 13, 87, 37, 74, 44, 37, 43, 25, 48, 77, 20, 62, 66, 40, 80, 50, 32, 47, 39, 25, 42, 50, 50, 44, 56, 37, 87, 53, 75, 20]
27 [173,309] 37 Distance: [83, 29, 80, 38, 56, 61, 72, 66, 89, 53, 60, 87, 10, 58, 88, 20, 57, 61, 33, 82, 79, 62, 71, 75, 43, 68, 73, 0, 63, 83, 15, 87, 53, 62, 89, 80, 29, 20, 51, 49, 78, 18, 33, 43, 62, 62, 47, 18, 24, 17, 25, 44, 60, 18, 22, 88, 36, 77, 34, 59, 15, 51, 23, 85, 44, 11, 23, 34, 20, 38]
28 [89,301] 24 Distance: [23, 39, 60, 57, 16, 61, 23, 17, 38, 65, 27, 28, 78, 58, 54, 71, 69, 35, 68, 48, 24, 52, 74, 61, 81, 78, 49, 63, 0, 25, 77, 67, 32, 77, 79, 69, 19, 78, 21, 74, 21, 67, 15, 21, 49, 33, 37, 87, 67, 33, 20, 34, 13, 41, 86, 45, 23, 10, 80, 51, 35, 38, 21, 24, 62, 76, 23, 58, 35, 65]
29 [10,433] 25 Distance: [34, 68, 64, 56, 54, 38, 79, 46, 45, 17, 15, 43, 69, 41, 16, 27, 83, 86, 52, 69, 12, 63, 15, 23, 39, 66, 46, 83, 25, 0, 13, 47, 74, 44, 17, 33, 77, 13, 16, 83, 42, 43, 84, 78, 37, 42, 63, 12, 21, 86, 61, 80, 79, 30, 28, 32, 16, 79, 72, 49, 67, 76, 47, 14, 34, 71, 83, 52, 57, 47]
30 [18,478] 27 Distance: [12, 32, 47, 52, 46, 46, 69, 88, 37, 70, 43, 81, 17, 34, 63, 52, 58, 50, 69, 56, 20, 41, 57, 45, 85, 57, 19, 15, 77, 13, 0, 78, 44, 87, 22, 47, 53, 14, 29, 66, 14, 73, 78, 78, 78, 29, 70, 88, 32, 72, 77, 37, 14, 87, 51, 45, 24, 19, 73, 59, 33, 27, 89, 33, 23, 13, 83, 72, 13, 61]
31 [161,191] 19 Distance: [65, 57, 69, 72, 86, 81, 24, 54, 64, 19, 84, 62, 84, 87, 47, 18, 74, 83, 85, 17, 18, 12, 19, 78, 83, 78, 58, 87, 67, 47, 78, 0, 86, 21, 86, 24, 39, 23, 80, 67, 32, 12, 27, 60, 72, 83, 69, 82, 59, 13, 19, 49, 70, 61, 62, 37, 33, 62, 55, 80, 73, 84, 72, 22, 57, 10, 41, 69, 84, 43]
32 [189,336] 55 Distance: [13, 18, 50, 76, 82, 36, 27, 18, 29, 88, 58, 34, 12, 16, 58, 81, 44, 59, 29, 53, 48, 38, 38, 17, 12, 35, 68, 53, 32, 74, 44, 86, 0, 44, 51, 50, 12, 53, 63, 37, 54, 57, 73, 22, 33, 50, 62, 49, 12, 61, 12, 42, 10, 33, 20, 10, 22, 75, 77, 42, 23, 58, 20, 74, 78, 84, 17, 63, 76, 67]
33 [92,451] 84 Distance: [46, 43, 60, 22, 12, 82, 14, 44, 61, 17, 45, 20, 25, 66, 40, 23, 86, 85, 80, 19, 18, 84, 67, 83, 34, 51, 71, 62, 77, 44, 87, 21, 44, 0, 54, 87, 49, 48, 49, 74, 79, 74, 48, 31, 13, 51, 68, 23, 71, 56, 61, 10, 51, 26, 85, 45, 14, 46, 74, 13, 85, 13, 83, 75, 64, 88, 83, 35, 24, 77]
34 [159,278] 40 Distance: [30, 87, 48, 62, 60, 21, 18, 21, 51, 11, 61, 32, 59, 46, 55, 24, 53, 68, 18, 45, 82, 68, 18, 85, 38, 32, 11, 89, 79, 17, 22, 86, 51, 54, 0, 59, 74, 89, 30, 10, 51, 51, 84, 80, 31, 11, 48, 48, 47, 30, 89, 20, 71, 85, 23, 10, 48, 35, 43, 43, 42, 12, 89, 28, 29, 16, 19, 30, 26, 21]
35 [29,163] 19 Distance: [81, 30, 82, 15, 23, 24, 11, 30, 78, 67, 66, 58, 41, 30, 63, 78, 32, 50, 34, 47, 71, 32, 16, 37, 79, 19, 53, 80, 69, 33, 47, 24, 50, 87, 59, 0, 51, 17, 83, 67, 20, 69, 83, 72, 78, 48, 11, 76, 12, 76, 74, 78, 28, 88, 56, 77, 18, 62, 32, 52, 89, 85, 72, 45, 39, 29, 46, 86, 60, 87]
36 [125,438] 47 Distance: [63, 10, 40, 80, 66, 62, 34, 74, 11, 83, 87, 61, 83, 26, 46, 60, 29, 15, 54, 35, 39, 46, 72, 61, 74, 46, 24, 29, 19, 77, 53, 39, 12, 49, 74, 51, 0, 32, 32, 55, 55, 24, 52, 69, 50, 67, 16, 23, 49, 60, 31, 47, 40, 25, 23, 54, 16, 33, 44, 61, 80, 89, 34, 30, 75, 42, 15, 62, 82, 33]
37 [43,245] 61 Distance: [17, 37, 45, 47, 42, 41, 83, 60, 62, 57, 48, 32, 82, 48, 82, 46, 66, 69, 52, 27, 16, 54, 22, 15, 26, 71, 59, 20, 78, 13, 14, 23, 53, 48, 89, 17, 32, 0, 79, 81, 58, 35, 81, 42, 24, 26, 47, 46, 57, 64, 11, 68, 15, 71, 20, 43, 53, 34, 40, 39, 67, 52, 35, 26, 29, 83, 70, 11, 38, 88]
38 [148,270] 2 Distance: [85, 85, 18, 45, 75, 47, 42, 22, 86, 84, 81, 31, 60, 58, 62, 70, 59, 63, 70, 30, 47, 87, 56, 10, 56, 78, 79, 51, 21, 16, 29, 80, 63, 49, 30, 83, 32, 79, 0, 51, 22, 18, 38, 53, 32, 40, 53, 76, 21, 71, 74, 70, 47, 48, 69, 41, 53, 32, 70, 44, 14, 81, 28, 54, 80, 39, 60, 46, 42, 37]
39 [216,327] 21 Distance: [38, 11, 69, 54, 80, 81, 17, 33, 74, 88, 69, 45, 78, 33, 18, 13, 80, 28, 37, 54, 34, 61, 16, 69, 35, 43, 57, 49, 74, 83, 66, 67, 37, 74, 10, 67, 55, 81, 51, 0, 10, 49, 58, 34, 23, 66, 59, 70, 56, 76, 15, 46, 14, 35, 85, 15, 39, 25, 39, 55, 65, 60, 51, 63, 22, 60, 36, 76, 56, 75]
40 [54,116] 71 Distance: [23, 89, 83, 81, 57, 53, 55, 79, 10, 20, 43, 26, 72, 88, 88, 75, 60, 53, 42, 59, 42, 83, 32, 14, 11, 75, 13, 78, 21, 42, 14, 32, 54, 79, 51, 20, 55, 58, 22, 10, 0, 44, 53, 43, 45, 32, 47, 41, 14, 16, 36, 38, 67, 18, 67, 33, 72, 73, 16, 67, 89, 39, 60, 87, 12, 60, 47, 70, 59, 42]
41 [231,455] 44 Distance: [10, 14, 62, 41, 74, 29, 11, 32, 52, 23, 18, 16, 28, 88, 85, 50, 10, 22, 59, 80, 47, 11, 25, 59, 67, 59, 87, 18, 67, 43, 73, 12, 57, 74, 51, 69, 24, 35, 18, 49, 44, 0, 18, 77, 32, 71, 41, 46, 74, 78, 77, 32, 28, 34, 40, 20, 51, 80, 25, 69, 88, 16, 40, 27, 12, 55, 20, 60, 16, 45]
42 [68,162] 41 Distance: [84, 84, 87, 19, 23, 56, 44, 64, 24, 37, 42, 71, 87, 12, 11, 49, 29, 47, 85, 11, 21, 65, 28, 63, 64, 26, 37, 33, 15, 84, 78, 27, 73, 48, 84, 83, 52, 81, 38, 58, 53, 18, 0, 87, 79, 55, 86, 75, 47, 19, 47, 21, 88, 60, 54, 32, 49, 47, 70, 69, 85, 19, 62, 54, 64, 55, 45, 42, 67, 71]
43 [181,376] 25 Distance: [17, 60, 35, 54, 89, 65, 73, 45, 70, 68, 11, 14, 70, 26, 88, 86, 66, 59, 89, 25, 45, 38, 87, 42, 48, 20, 74, 43, 21, 78, 78, 60, 22, 31, 80, 72, 69, 42, 53, 34, 43, 77, 87, 0, 77, 18, 53, 13, 73, 10, 54, 67, 43, 28, 16, 87, 71, 14, 12, 40, 46, 59, 14, 45, 47, 79, 31, 85, 80, 28]
44 [5,336] 15 Distance: [69, 85, 73, 32, 45, 81, 70, 57, 46, 20, 65, 76, 12, 70, 34, 31, 10, 28, 29, 51, 23, 19, 74, 50, 42, 12, 44, 62, 49, 37, 78, 72, 33, 13, 31, 78, 50, 24, 32, 23, 45, 32, 79, 77, 0, 37, 41, 53, 26, 65, 13, 43, 44, 84, 21, 36, 13, 46, 68, 47, 56, 37, 64, 35, 55, 79, 18, 72, 68, 29]
45 [97,281] 75 Distance: [82, 64, 69, 71, 83, 16, 65, 26, 12, 27, 54, 17, 69, 32, 77, 54, 39, 76, 36, 15, 59, 80, 27, 80, 44, 61, 37, 62, 33, 42, 29, 83, 50, 51, 11, 48, 67, 26, 40, 66, 32, 71, 55, 18, 37, 0, 57, 34, 59, 52, 78, 42, 32, 72, 17, 59, 13, 71, 51, 54, 36, 79, 61, 83, 51, 61, 78, 85, 21, 51]
46 [78,376] 26 Distance: [56, 73, 36, 77, 58, 30, 19, 40, 26, 41, 48, 40, 33, 26, 20, 79, 20, 54, 76, 73, 17, 61, 78, 52, 34, 75, 43, 47, 37, 63, 70, 69, 62, 68, 48, 11, 16, 47, 53, 59, 47, 41, 86, 53, 41, 57, 0, 66, 40, 52, 21, 13, 25, 61, 33, 23, 18, 12, 88, 65, 32, 54, 77, 21, 51, 86, 73, 44, 66, 63]
47 [64,431] 44 Distance: [51, 76, 46, 56, 60, 23, 19, 15, 66, 15, 43, 57, 73, 56, 46, 46, 43, 54, 40, 40, 68, 23, 46, 84, 77, 52, 25, 18, 87, 12, 88, 82, 49, 23, 48, 76, 23, 46, 76, 70, 41, 46, 75, 13, 53, 34, 66, 0, 25, 74, 57, 64, 69, 67, 16, 85, 45, 81, 41, 74, 65, 13, 53, 10, 62, 43, 67, 70, 64, 50]
48 [39,425] 33 Distance: [68, 68, 62, 40, 80, 37, 42, 29, 28, 11, 70, 48, 30, 74, 24, 54, 39, 28, 49, 21, 59, 55, 16, 76, 55, 61, 48, 24, 67, 21, 32, 59, 12, 71, 47, 12, 49, 57, 21, 56, 14, 74, 47, 73, 26, 59, 40, 25, 0, 22, 82, 57, 88, 34, 25, 44, 29, 19, 48, 70, 46, 42, 56, 42, 74, 21, 13, 87, 49, 26]
49 [166,474] 40 Distance: [74, 69, 73, 74, 20, 10, 26, 75, 56, 77, 42, 87, 16, 30, 14, 89, 29, 60, 82, 13, 72, 69, 31, 38, 63, 27, 77, 17, 33, 86, 72, 13, 61, 56, 30, 76, 60, 64, 71, 76, 16, 78, 19, 10, 65, 52, 52, 74, 22, 0, 76, 73, 87, 32, 81, 40, 72, 74, 62, 48, 54, 80, 23, 78, 46, 43, 10, 20, 57, 13]
50 [221,345] 5 Distance: [85, 50, 76, 15, 18, 16, 16, 85, 41, 34, 60, 57, 50, 23, 89, 14, 42, 12, 86, 18, 71, 68, 58, 36, 35, 48, 20, 25, 20, 61, 77, 19, 12, 61, 89, 74, 31, 11, 74, 15, 36, 77, 47, 54, 13, 78, 21, 57, 82, 76, 0, 29, 10, 14, 59, 48, 17, 85, 73, 65, 21, 86, 48, 14, 14, 31, 46, 69, 67, 68]
51 [113,370] 8 Distance: [89, 69, 67, 25, 70, 78, 65, 29, 30, 23, 82, 83, 52, 70, 12, 47, 55, 60, 78, 50, 47, 14, 20, 47, 20, 45, 62, 44, 34, 80, 37, 49, 42, 10, 20, 78, 47, 68, 70, 46, 38, 32, 21, 67, 43, 42, 13, 64, 57, 73, 29, 0, 10, 87, 60, 65, 82, 59, 66, 59, 83, 46, 69, 85, 84, 88, 89, 47, 48, 43]
52 [96,132] 17 Distance: [31, 76, 58, 63, 50, 38, 88, 39, 53, 30, 11, 56, 81, 71, 31, 34, 72, 59, 69, 20, 25, 34, 57, 53, 37, 83, 66, 60, 13, 79, 14, 70, 10, 51, 71, 28, 40, 15, 47, 14, 67, 28, 88, 43, 44, 32, 25, 69, 88, 87, 10, 10, 0, 62, 88, 14, 53, 59, 68, 30, 36, 55, 72, 82, 25, 35, 50, 87, 37, 87]
53 [79,250] 28 Distance: [16, 39, 68, 48, 26, 67, 58, 87, 23, 54, 37, 57, 73, 60, 69, 28, 26, 20, 28, 88, 32, 73, 88, 31, 38, 71, 40, 18, 41, 30, 87, 61, 33, 26, 85, 88, 25, 71, 48, 35, 18, 34, 60, 28, 84, 72, 61, 67, 34, 32, 14, 87, 62, 0, 70, 15, 16, 88, 67, 13, 40, 34, 85, 44, 86, 40, 83, 27, 61, 53]
54 [74,282] 75 Distance: [48, 75, 26, 28, 33, 49, 70, 51, 80, 81, 48, 32, 88, 73, 11, 37, 68, 35, 78, 29, 19, 80, 81, 30, 38, 13, 80, 22, 86, 28, 51, 62, 20, 85, 23, 56, 23, 20, 69, 85, 67, 40, 54, 16, 21, 17, 33, 16, 25, 81, 59, 60, 88, 70, 0, 88, 25, 28, 78, 15, 89, 35, 38, 23, 82, 66, 61, 86, 86, 76]
55 [118,325] 86 Distance: [24, 22, 63, 71, 87, 31, 87, 16, 79, 53, 70, 28, 77, 10, 24, 87, 66, 64, 42, 85, 77, 88, 15, 49, 86, 43, 50, 88, 45, 32, 45, 37, 10, 45, 10, 77, 54, 43, 41, 15, 33, 20, 32, 87, 36, 59, 23, 85, 44, 40, 48, 65, 14, 15, 88, 0, 70, 42, 13, 42, 36, 43, 61, 12, 64, 28, 40, 75, 73, 16]
56 [97,280] 72 Distance: [85, 51, 72, 43, 39, 39, 34, 20, 64, 82, 42, 23, 56, 46, 15, 81, 36, 76, 59, 44, 55, 35, 34, 16, 15, 78, 32, 36, 23, 16, 24, 33, 22, 14, 48, 18, 16, 53, 53, 39, 72, 51, 49, 71, 13, 13, 18, 45, 29, 72, 17, 82, 53, 16, 25, 70, 0, 34, 58, 57, 73, 46, 27, 16, 11, 84, 30, 64, 79, 81]
57 [1,422] 33 Distance: [43, 71, 51, 75, 30, 45, 25, 36, 80, 81, 79, 53, 80, 37, 41, 47, 11, 52, 53, 63, 26, 78, 64, 64, 40, 26, 47, 77, 10, 79, 19, 62, 75, 46, 35, 62, 33, 34, 32, 25, 73, 80, 47, 14, 46, 71, 12, 81, 19, 74, 85, 59, 59, 88, 28, 42, 34, 0, 51, 52, 36, 75, 49, 45, 48, 30, 31, 74, 21, 56]
58 [27,132] 50 Distance: [75, 31, 26, 67, 30, 44, 81, 33, 54, 33, 18, 42, 58, 44, 71, 72, 60, 72, 18, 38, 58, 76, 67, 78, 35, 64, 39, 34, 80, 72, 73, 55, 77, 74, 43, 32, 44, 40, 70, 39, 16, 25, 70, 12, 68, 51, 88, 41, 48, 62, 73, 66, 68, 67, 78, 13, 58, 51, 0, 15, 35, 30, 78, 59, 18, 72, 25, 55, 63, 46]
59 [62,400] 84 Distance: [47, 79, 66, 72, 28, 63, 50, 47, 77, 88, 54, 61, 48, 39, 73, 12, 36, 17, 62, 81, 57, 44, 80, 13, 60, 29, 25, 59, 51, 49, 59, 80, 42, 13, 43, 52, 61, 39, 44, 55, 67, 69, 69, 40, 47, 54, 65, 74, 70, 48, 65, 59, 30, 13, 15, 42, 57, 52, 15, 0, 49, 70, 39, 60, 84, 57, 72, 53, 66, 34]
60 [30,132] 26 Distance: [69, 53, 61, 46, 20, 79, 89, 74, 54, 62, 67, 24, 13, 36, 31, 77, 40, 18, 84, 52, 50, 42, 88, 39, 54, 46, 42, 15, 35, 67, 33, 73, 23, 85, 42, 89, 80, 67, 14, 65, 89, 88, 85, 46, 56, 36, 32, 65, 46, 54, 21, 83, 36, 40, 89, 36, 73, 36, 35, 49, 0, 11, 80, 56, 71, 47, 45, 72, 65, 30]
61 [234,413] 46 Distance: [17, 22, 42, 61, 78, 17, 16, 65, 43, 31, 48, 84, 19, 15, 32, 58, 10, 61, 71, 61, 55, 73, 56, 32, 47, 17, 50, 51, 38, 76, 27, 84, 58, 13, 12, 85, 89, 52, 81, 60, 39, 16, 19, 59, 37, 79, 54, 13, 42, 80, 86, 46, 55, 34, 35, 43, 46, 75, 30, 70, 11, 0, 22, 33, 52, 14, 48, 16, 89, 38]
62 [211,388] 74 Distance: [42, 60, 37, 73, 56, 82, 19, 88, 40, 14, 83, 72, 10, 15, 35, 71, 78, 37, 81, 74, 79, 39, 38, 40, 70, 50, 50, 23, 21, 47, 89, 72, 20, 83, 89, 72, 34, 35, 28, 51, 60, 40, 62, 14, 64, 61, 77, 53, 56, 23, 48, 69, 72, 85, 38, 61, 27, 49, 78, 39, 80, 22, 0, 49, 83, 87, 10, 27, 53, 65]
63 [81,384] 9 Distance: [39, 44, 44, 25, 86, 12, 69, 54, 87, 64, 50, 17, 75, 15, 54, 30, 23, 36, 85, 26, 12, 30, 69, 20, 59, 45, 44, 85, 24, 14, 33, 22, 74, 75, 28, 45, 30, 26, 54, 63, 87, 27, 54, 45, 35, 83, 21, 10, 42, 78, 14, 85, 82, 44, 23, 12, 16, 45, 59, 60, 56, 33, 49, 0, 86, 54, 76, 56, 19, 44]
64 [79,332] 65 Distance: [45, 84, 19, 47, 66, 60, 66, 20, 71, 47, 17, 59, 49, 78, 76, 18, 59, 35, 27, 19, 18, 86, 63, 39, 38, 81, 56, 44, 62, 34, 23, 57, 78, 64, 29, 39, 75, 29, 80, 22, 12, 12, 64, 47, 55, 51, 51, 62, 74, 46, 14, 84, 25, 86, 82, 64, 11, 48, 18, 84, 71, 52, 83, 86, 0, 27, 65, 89, 14, 19]
65 [23,314] 72 Distance: [87, 34, 52, 63, 38, 37, 29, 66, 44, 33, 64, 40, 76, 69, 63, 55, 39, 20, 40, 17, 12, 56, 58, 41, 55, 57, 37, 11, 76, 71, 13, 10, 84, 88, 16, 29, 42, 83, 39, 60, 60, 55, 55, 79, 79, 61, 86, 43, 21, 43, 31, 88, 35, 40, 66, 28, 84, 30, 72, 57, 47, 14, 87, 54, 27, 0, 66, 65, 68, 61]
66 [207,243] 66 Distance: [72, 79, 72, 64, 59, 14, 61, 88, 49, 19, 47, 87, 52, 27, 20, 52, 40, 36, 81, 34, 49, 39, 54, 64, 67, 41, 87, 23, 23, 83, 83, 41, 17, 83, 19, 46, 15, 70, 60, 36, 47, 20, 45, 31, 18, 78, 73, 67, 13, 10, 46, 89, 50, 83, 61, 40, 30, 31, 25, 72, 45, 48, 10, 76, 65, 66, 0, 53, 68, 50]
67 [32,445] 60 Distance: [28, 28, 35, 52, 38, 64, 78, 86, 67, 56, 87, 48, 67, 72, 12, 53, 86, 64, 52, 76, 79, 82, 23, 11, 67, 46, 53, 34, 58, 52, 72, 69, 63, 35, 30, 86, 62, 11, 46, 76, 70, 60, 42, 85, 72, 85, 44, 70, 87, 20, 69, 47, 87, 27, 86, 75, 64, 74, 55, 53, 72, 16, 27, 56, 89, 65, 53, 0, 45, 79]
68 [107,355] 48 Distance: [37, 26, 34, 22, 20, 33, 83, 13, 42, 38, 30, 28, 77, 40, 21, 23, 59, 55, 26, 60, 25, 60, 17, 85, 86, 26, 75, 20, 35, 57, 13, 84, 76, 24, 26, 60, 82, 38, 42, 56, 59, 16, 67, 80, 68, 21, 66, 64, 49, 57, 67, 48, 37, 61, 86, 73, 79, 21, 63, 66, 65, 89, 53, 19, 14, 68, 68, 45, 0, 86]
69 [101,331] 7 Distance: [66, 64, 57, 33, 11, 71, 71, 74, 13, 22, 78, 66, 20, 63, 74, 61, 66, 34, 15, 25, 71, 48, 10, 60, 70, 51, 20, 38, 65, 47, 61, 43, 67, 77, 21, 87, 33, 88, 37, 75, 42, 45, 71, 28, 29, 51, 63, 50, 26, 13, 68, 43, 87, 53, 76, 16, 81, 56, 46, 34, 30, 38, 65, 44, 19, 61, 50, 79, 86, 0]
