0 [0,720] 0 Distance: [0, 89, 55, 79, 57, 38, 65, 57, 77, 85, 83, 21, 56, 17, 58, 42, 34, 39, 39, 21, 57, 19, 36, 63, 85, 23, 62, 55, 25, 64, 59, 76, 27, 28, 38, 23, 55, 45, 79, 73, 46, 35, 76, 83, 21, 82, 11, 73, 76, 71, 74, 20, 77, 80, 11, 36, 38, 67, 33, 58, 60, 43, 20, 30, 77, 51, 24, 75, 85, 68, 44, 61, 82, 12, 40, 34, 48, 82, 43, 14, 26, 18, 33, 76, 73, 27, 37, 19, 70, 45, 53, 42, 65, 44, 77, 80, 46, 23, 73, 73, 53, 41, 45, 33, 13, 19, 70, 67, 11, 22, 63, 66, 60, 42, 67, 48, 24, 19, 18, 33]
1 [191,473] 61 Distance: [89, 0, 43, 10, 22, 54, 60, 21, 31, 50, 77, 77, 57, 63, 84, 32, 89, 20, 48, 42, 62, 21, 75, 28, 83, 21, 75, 72, 80, 56, 52, 41, 61, 38, 30, 15, 21, 59, 78, 87, 82, 75, 51, 42, 59, 35, 16, 44, 71, 75, 17, 36, 44, 55, 43, 60, 25, 13, 53, 14, 44, 16, 45, 14, 33, 27, 24, 39, 87, 42, 26, 77, 32, 50, 78, 82, 38, 33, 82, 36, 85, 80, 19, 19, 40, 85, 64, 32, 19, 68, 45, 65, 58, 86, 23, 50, 13, 34, 15, 21, 50, 23, 84, 26, 13, 12, 33, 74, 13, 78, 49, 12, 22, 25, 26, 10, 38, 82, 13, 62]
2 [39,407] 47 Distance: [55, 43, 0, 22, 49, 56, 38, 80, 12, 38, 40, 56, 77, 21, 62, 88, 54, 17, 82, 27, 11, 49, 53, 70, 62, 46, 72, 62, 73, 60, 62, 74, 83, 38, 41, 54, 85, 26, 65, 16, 54, 14, 35, 35, 19, 14, 70, 62, 10, 84, 73, 81, 37, 18, 56, 83, 69, 46, 45, 34, 36, 43, 82, 56, 60, 32, 37, 86, 70, 55, 21, 80, 42, 20, 73, 68, 53, 31, 32, 88, 25, 49, 19, 80, 78, 23, 70, 25, 38, 86, 13, 69, 30, 59, 11, 83, 33, 77, 22, 42, 87, 18, 55, 50, 10, 10, 45, 15, 73, 44, 80, 59, 69, 60, 83, 46, 56, 37, 84, 76]
3 [146,471] 59 Distance: [79, 10, 22, 0, 54, 24, 29, 76, 44, 33, 44, 17, 37, 19, 64, 87, 60, 32, 42, 59, 11, 70, 19, 71, 50, 73, 76, 89, 67, 41, 63, 30, 73, 16, 21, 80, 57, 42, 34, 58, 65, 17, 58, 84, 46, 53, 55, 48, 25, 84, 82, 31, 65, 11, 46, 64, 36, 73, 69, 54, 86, 28, 58, 37, 84, 75, 30, 89, 67, 63, 46, 20, 34, 47, 41, 66, 14, 38, 15, 57, 83, 83, 20, 18, 80, 13, 84, 15, 19, 49, 65, 40, 36, 26, 40, 86, 14, 43, 82, 11, 23, 28, 86, 60, 33, 30, 12, 45, 57, 77, 76, 87, 13, 33, 36, 88, 11, 17, 88, 55]
4 [165,252] 38 Distance: [57, 22, 49, 54, 0, 36, 21, 68, 66, 63, 69, 45, 86, 10, 20, 38, 26, 75, 51, 79, 73, 20, 35, 23, 58, 69, 11, 66, 13, 60, 65, 85, 69, 71, 25, 78, 60, 26, 72, 17, 40, 76, 19, 77, 72, 12, 25, 30, 42, 49, 73, 27, 45, 14, 66, 47, 29, 68, 85, 21, 32, 66, 73, 76, 28, 40, 11, 10, 35, 41, 47, 45, 77, 31, 87, 44, 16, 40, 47, 29, 30, 30, 19, 80, 28, 36, 14, 56, 10, 12, 16, 25, 35, 53, 58, 28, 35, 18, 73, 64, 16, 70, 77, 11, 86, 27, 69, 79, 19, 51, 89, 55, 60, 85, 36, 32, 58, 41, 60, 53]
5 [137,249] 13 Distance: [38, 54, 56, 24, 36, 0, 53, 63, 62, 34, 75, 88, 11, 74, 60, 72, 73, 52, 37, 36, 39, 80, 24, 38, 18, 24, 68, 47, 77, 17, 38, 60, 80, 49, 12, 65, 63, 58, 66, 81, 85, 36, 11, 16, 78, 25, 45, 48, 30, 58, 25, 39, 65, 63, 21, 18, 80, 44, 56, 18, 61, 15, 50, 69, 11, 85, 21, 48, 28, 60, 52, 72, 40, 83, 87, 48, 71, 46, 72, 76, 60, 38, 13, 36, 31, 13, 18, 20, 21, 79, 34, 16, 77, 36, 18, 85, 89, 66, 26, 27, 87, 63, 49, 22, 28, 52, 84, 12, 60, 45, 66, 33, 56, 12, 71, 29, 68, 78, 35, 63]
6 [20,97] 87 Distance: [65, 60, 38, 29, 21, 53, 0, 35, 37, 39, 28, 66, 69, 11, 16, 15, 74, 46, 36, 84, 54, 11, 80, 51, 73, 21, 24, 79, 57, 15, 18, 52, 17, 59, 88, 21, 53, 60, 89, 64, 83, 25, 58, 48, 21, 49, 25, 15, 19, 86, 82, 86, 86, 72, 26, 18, 55, 15, 57, 53, 54, 83, 85, 86, 87, 27, 41, 53, 38, 81, 84, 47, 27, 47, 78, 27, 41, 72, 21, 79, 80, 37, 22, 66, 66, 10, 56, 78, 83, 36, 34, 65, 89, 18, 28, 49, 83, 45, 34, 73, 86, 38, 85, 37, 34, 74, 28, 86, 68, 36, 41, 34, 69, 79, 70, 43, 15, 86, 29, 10]
7 [190,441] 9 Distance: [57, 21, 80, 76, 68, 63, 35, 0, 79, 11, 23, 72, 37, 80, 76, 57, 57, 85, 73, 85, 73, 46, 80, 52, 29, 64, 25, 70, 43, 73, 70, 60, 69, 73, 69, 70, 16, 80, 46, 42, 16, 54, 12, 29, 64, 17, 25, 66, 29, 70, 65, 77, 34, 15, 25, 66, 78, 21, 40, 78, 33, 10, 35, 65, 54, 86, 55, 55, 58, 77, 79, 50, 59, 25, 38, 54, 11, 72, 70, 16, 20, 84, 79, 84, 53, 27, 51, 65, 43, 60, 14, 19, 59, 45, 19, 53, 59, 11, 49, 65, 16, 14, 20, 86, 18, 40, 88, 53, 12, 75, 41, 24, 16, 68, 37, 46, 71, 24, 51, 23]
8 [217,294] 36 Distance: [77, 31, 12, 44, 66, 62, 37, 79, 0, 22, 25, 77, 57, 12, 21, 73, 45, 24, 27, 54, 25, 23, 26, 65, 59, 43, 72, 38, 78, 39, 44, 68, 12, 22, 89, 41, 17, 44, 88, 61, 87, 69, 65, 59, 35, 57, 37, 74, 60, 81, 58, 26, 35, 83, 84, 57, 67, 24, 45, 21, 71, 79, 33, 12, 82, 27, 24, 63, 15, 71, 32, 53, 53, 58, 39, 28, 86, 53, 66, 58, 21, 10, 45, 17, 50, 38, 32, 49, 36, 15, 74, 56, 82, 73, 76, 20, 61, 33, 52, 89, 45, 61, 36, 14, 54, 11, 15, 18, 54, 53, 32, 60, 62, 38, 71, 16, 11, 71, 65, 61]
9 [78,382] 72 Distance: [85, 50, 38, 33, 63, 34, 39, 11, 22, 0, 49, 34, 67, 83, 19, 88, 50, 82, 65, 62, 66, 45, 30, 65, 72, 62, 76, 74, 14, 83, 39, 29, 84, 38, 59, 59, 77, 42, 34, 88, 61, 65, 46, 23, 28, 10, 63, 17, 23, 88, 50, 20, 84, 30, 39, 24, 16, 55, 77, 29, 24, 18, 12, 32, 64, 26, 14, 44, 34, 67, 59, 45, 70, 32, 15, 33, 10, 50, 26, 23, 15, 59, 37, 41, 65, 65, 60, 53, 80, 30, 28, 22, 31, 51, 41, 83, 25, 13, 28, 77, 59, 64, 73, 44, 17, 31, 89, 67, 49, 14, 56, 15, 78, 15, 44, 63, 10, 72, 32, 29]
10 [139,324] 9 Distance: [83, 77, 40, 44, 69, 75, 28, 23, 25, 49, 0, 44, 86, 13, 43, 25, 27, 20, 25, 50, 18, 58, 83, 10, 19, 16, 86, 19, 50, 46, 51, 36, 50, 28, 76, 24, 55, 13, 76, 21, 41, 40, 35, 40, 21, 84, 79, 74, 77, 63, 22, 49, 15, 43, 16, 86, 51, 22, 33, 14, 13, 36, 20, 87, 19, 59, 67, 49, 41, 11, 34, 22, 40, 56, 12, 71, 13, 85, 22, 69, 45, 47, 47, 41, 22, 83, 57, 64, 65, 13, 65, 55, 52, 62, 89, 62, 84, 40, 40, 28, 55, 58, 39, 16, 71, 19, 44, 31, 19, 84, 51, 14, 31, 39, 56, 13, 60, 54, 18, 78]
11 [2,453] 24 Distance: [21, 77, 56, 17, 45, 88, 66, 72, 77, 34, 44, 0, 35, 41, 73, 34, 10, 32, 56, 31, 89, 41, 30, 15, 86, 46, 46, 87, 28, 78, 22, 18, 10, 54, 28, 42, 40, 60, 20, 35, 37, 72, 63, 36, 60, 79, 62, 82, 68, 30, 68, 59, 22, 31, 57, 12, 10, 43, 74, 64, 26, 44, 30, 37, 72, 78, 36, 60, 59, 50, 88, 61, 53, 29, 36, 53, 32, 19, 83, 77, 22, 28, 17, 40, 16, 33, 46, 40, 70, 38, 17, 78, 69, 35, 73, 12, 63, 80, 31, 25, 45, 12, 23, 16, 15, 58, 54, 69, 51, 25, 29, 38, 36, 63, 35, 25, 74, 33, 33, 56]
12 [134,229] 46 Distance: [56, 57, 77, 37, 86, 11, 69, 37, 57, 67, 86, 35, 0, 47, 33, 70, 37, 50, 53, 27, 27, 36, 64, 81, 36, 64, 31, 86, 65, 88, 50, 39, 25, 42, 52, 31, 16, 33, 41, 62, 51, 24, 36, 37, 62, 41, 66, 45, 10, 84, 70, 55, 86, 27, 66, 78, 65, 58, 30, 57, 50, 36, 89, 60, 52, 88, 41, 62, 81, 35, 16, 86, 89, 79, 45, 78, 79, 56, 28, 26, 80, 31, 12, 66, 17, 88, 10, 58, 69, 30, 47, 34, 40, 39, 51, 26, 42, 18, 60, 78, 43, 12, 39, 63, 63, 17, 81, 33, 47, 64, 35, 65, 44, 40, 40, 15, 64, 46, 13, 41]
13 [108,270] 10 Distance: [17, 63, 21, 19, 10, 74, 11, 80, 12, 83, 13, 41, 47, 0, 67, 81, 84, 72, 87, 20, 68, 83, 16, 26, 80, 17, 19, 49, 66, 29, 26, 36, 68, 34, 66, 52, 75, 53, 49, 50, 17, 82, 55, 19, 61, 15, 48, 53, 33, 13, 18, 49, 16, 12, 74, 22, 42, 30, 45, 69, 69, 52, 30, 44, 26, 68, 75, 26, 73, 28, 20, 33, 41, 33, 57, 25, 80, 16, 15, 32, 76, 21, 47, 16, 44, 26, 42, 41, 77, 71, 29, 30, 85, 72, 77, 44, 86, 28, 32, 19, 15, 89, 88, 57, 69, 77, 44, 36, 25, 16, 36, 54, 54, 37, 33, 86, 74, 79, 22, 40]
14 [118,233] 7 Distance: [58, 84, 62, 64, 20, 60, 16, 76, 21, 19, 43, 73, 33, 67, 0, 15, 48, 55, 30, 68, 45, 61, 87, 12, 45, 36, 54, 67, 80, 65, 15, 89, 29, 50, 42, 44, 51, 36, 57, 70, 33, 43, 70, 16, 17, 50, 86, 65, 14, 31, 42, 40, 55, 50, 52, 18, 12, 74, 70, 24, 53, 36, 37, 24, 66, 33, 77, 14, 29, 50, 63, 62, 60, 67, 22, 17, 34, 81, 55, 26, 53, 25, 85, 84, 10, 63, 84, 42, 60, 71, 38, 34, 60, 20, 82, 87, 51, 75, 50, 81, 18, 67, 27, 67, 26, 43, 24, 81, 40, 23, 15, 60, 88, 89, 69, 76, 42, 24, 13, 57]
15 [67,270] 65 Distance: [42, 32, 88, 87, 38, 72, 15, 57, 73, 88, 25, 34, 70, 81, 15, 0, 82, 16, 59, 37, 73, 37, 39, 25, 50, 53, 13, 43, 71, 10, 82, 41, 81, 24, 33, 68, 37, 41, 67, 76, 28, 34, 28, 84, 60, 34, 66, 18, 50, 39, 25, 69, 81, 28, 10, 83, 51, 67, 34, 78, 14, 11, 22, 35, 66, 46, 69, 63, 63, 26, 37, 77, 84, 26, 15, 64, 66, 80, 55, 74, 47, 65, 52, 71, 54, 45, 46, 25, 75, 25, 21, 16, 12, 27, 45, 86, 51, 49, 87, 68, 41, 63, 28, 69, 85, 51, 18, 69, 17, 23, 33, 37, 13, 82, 47, 62, 13, 43, 55, 31]
16 [188,208] 6 Distance: [34, 89, 54, 60, 26, 73, 74, 57, 45, 50, 27, 10, 37, 84, 48, 82, 0, 29, 59, 73, 20, 85, 29, 43, 53, 72, 37, 12, 73, 86, 59, 89, 53, 50, 83, 25, 70, 29, 57, 83, 38, 65, 14, 79, 13, 26, 10, 10, 56, 46, 29, 51, 79, 30, 54, 34, 69, 84, 62, 88, 33, 12, 34, 18, 52, 32, 76, 55, 54, 11, 29, 65, 18, 15, 41, 40, 42, 81, 14, 10, 40, 50, 50, 39, 19, 89, 25, 24, 10, 12, 80, 15, 32, 46, 41, 74, 84, 34, 19, 49, 59, 29, 37, 79, 29, 74, 22, 30, 89, 55, 60, 27, 69, 76, 16, 72, 86, 44, 42, 32]
17 [209,281] 43 Distance: [39, 20, 17, 32, 75, 52, 46, 85, 24, 82, 20, 32, 50, 72, 55, 16, 29, 0, 88, 83, 47, 53, 42, 32, 83, 85, 10, 61, 76, 43, 40, 57, 37, 18, 10, 70, 27, 21, 28, 14, 72, 81, 65, 33, 73, 60, 74, 41, 78, 62, 50, 62, 62, 61, 84, 70, 85, 40, 73, 52, 11, 73, 82, 65, 49, 77, 30, 56, 27, 48, 24, 43, 69, 17, 17, 68, 83, 53, 69, 69, 25, 23, 77, 81, 67, 29, 48, 19, 50, 38, 86, 12, 84, 15, 43, 59, 30, 37, 12, 68, 89, 84, 34, 19, 39, 14, 56, 25, 16, 56, 74, 85, 77, 14, 60, 47, 32, 87, 84, 61]
18 [163,246] 59 Distance: [39, 48, 82, 42, 51, 37, 36, 73, 27, 65, 25, 56, 53, 87, 30, 59, 59, 88, 0, 46, 19, 21, 40, 58, 32, 25, 41, 48, 76, 74, 45, 42, 69, 29, 40, 50, 28, 59, 85, 69, 88, 29, 44, 64, 55, 36, 60, 42, 64, 19, 23, 62, 19, 89, 77, 19, 49, 31, 17, 74, 56, 42, 56, 67, 71, 29, 63, 59, 16, 14, 60, 22, 11, 51, 13, 22, 23, 41, 61, 22, 75, 17, 21, 21, 75, 71, 31, 82, 70, 64, 85, 16, 60, 32, 72, 70, 61, 54, 61, 22, 77, 68, 49, 23, 51, 46, 62, 82, 49, 30, 86, 54, 77, 50, 59, 72, 14, 35, 49, 26]
19 [110,277] 74 Distance: [21, 42, 27, 59, 79, 36, 84, 85, 54, 62, 50, 31, 27, 20, 68, 37, 73, 83, 46, 0, 51, 50, 43, 38, 29, 33, 18, 72, 44, 60, 36, 70, 39, 66, 41, 76, 69, 84, 81, 24, 73, 56, 74, 31, 75, 10, 29, 74, 16, 16, 23, 17, 43, 89, 21, 17, 29, 17, 89, 29, 24, 67, 42, 79, 18, 76, 72, 25, 53, 88, 44, 61, 51, 11, 13, 85, 23, 78, 15, 47, 70, 35, 70, 73, 84, 87, 73, 37, 82, 68, 50, 89, 21, 16, 65, 22, 83, 53, 16, 18, 55, 30, 66, 52, 36, 42, 52, 76, 69, 16, 53, 44, 66, 32, 66, 55, 32, 82, 42, 37]
20 [178,307] 13 Distance: [57, 62, 11, 11, 73, 39, 54, 73, 25, 66, 18, 89, 27, 68, 45, 73, 20, 47, 19, 51, 0, 16, 45, 48, 48, 71, 53, 63, 78, 61, 50, 40, 27, 14, 74, 70, 17, 15, 10, 35, 39, 43, 22, 51, 36, 43, 10, 62, 31, 19, 44, 60, 53, 73, 81, 72, 85, 17, 56, 71, 43, 20, 23, 82, 87, 15, 80, 46, 41, 40, 31, 29, 12, 59, 19, 29, 28, 50, 38, 63, 85, 51, 43, 18, 58, 19, 19, 78, 46, 24, 76, 12, 50, 77, 55, 18, 28, 46, 52, 45, 16, 83, 44, 71, 29, 26, 75, 88, 87, 61, 88, 40, 29, 82, 50, 82, 87, 49, 89, 69]
21 [102,148] 26 Distance: [19, 21, 49, 70, 20, 80, 11, 46, 23, 45, 58, 41, 36, 83, 61, 37, 85, 53, 21, 50, 16, 0, 29, 48, 38, 20, 22, 74, 39, 61, 76, 31, 11, 39, 88, 85, 70, 84, 32, 12, 66, 54, 74, 63, 35, 46, 75, 53, 37, 31, 80, 55, 20, 81, 56, 13, 56, 82, 44, 50, 59, 55, 12, 38, 40, 80, 56, 81, 17, 89, 71, 36, 13, 76, 88, 12, 44, 52, 50, 48, 89, 13, 42, 74, 27, 87, 81, 35, 23, 89, 55, 38, 38, 83, 48, 70, 79, 43, 65, 11, 64, 89, 56, 88, 78, 46, 85, 56, 23, 31, 56, 39, 80, 64, 24, 61, 16, 43, 61, 21]
22 [110,111] 76 Distance: [36, 75, 53, 19, 35, 24, 80, 80, 26, 30, 83, 30, 64, 16, 87, 39, 29, 42, 40, 43, 45, 29, 0, 88, 79, 59, 76, 13, 69, 28, 84, 20, 62, 25, 40, 56, 73, 69, 42, 59, 49, 70, 56, 87, 50, 16, 46, 32, 44, 15, 52, 40, 32, 80, 88, 78, 39, 13, 87, 84, 50, 84, 52, 27, 44, 68, 27, 45, 60, 51, 79, 55, 71, 78, 15, 81, 82, 45, 72, 43, 21, 66, 68, 54, 58, 62, 80, 77, 69, 65, 27, 46, 46, 44, 26, 56, 25, 68, 24, 82, 71, 86, 43, 38, 37, 65, 34, 41, 82, 36, 10, 87, 31, 21, 48, 47, 30, 75, 64, 89]
23 [135,268] 44 Distance: [63, 28, 70, 71, 23, 38, 51, 52, 65, 65, 10, 15, 81, 26, 12, 25, 43, 32, 58, 38, 48, 48, 88, 0, 77, 41, 12, 32, 44, 56, 73, 32, 89, 32, 51, 44, 61, 66, 65, 12, 80, 84, 35, 66, 39, 58, 72, 56, 30, 45, 60, 87, 80, 59, 14, 86, 67, 44, 31, 29, 65, 12, 38, 69, 16, 25, 49, 15, 67, 27, 70, 61, 42, 26, 72, 17, 21, 65, 85, 32, 70, 62, 28, 34, 51, 34, 12, 56, 11, 11, 55, 75, 48, 75, 85, 77, 18, 37, 85, 14, 13, 20, 79, 14, 72, 56, 68, 41, 79, 78, 23, 20, 59, 58, 69, 35, 60, 20, 63, 20]
24 [190,231] 64 Distance: [85, 83, 62, 50, 58, 18, 73, 29, 59, 72, 19, 86, 36, 80, 45, 50, 53, 83, 32, 29, 48, 38, 79, 77, 0, 24, 12, 88, 59, 14, 43, 42, 59, 35, 56, 35, 78, 30, 67, 13, 65, 47, 33, 44, 79, 73, 85, 16, 25, 65, 71, 42, 47, 30, 52, 75, 13, 16, 18, 55, 68, 78, 46, 41, 67, 40, 68, 16, 35, 42, 26, 39, 44, 65, 42, 83, 71, 56, 58, 85, 65, 28, 25, 63, 25, 62, 88, 83, 23, 22, 34, 39, 88, 37, 10, 53, 58, 35, 32, 15, 48, 38, 47, 15, 66, 84, 54, 13, 85, 80, 32, 74, 66, 48, 51, 24, 70, 79, 50, 28]
25 [100,467] 84 Distance: [23, 21, 46, 73, 69, 24, 21, 64, 43, 62, 16, 46, 64, 17, 36, 53, 72, 85, 25, 33, 71, 20, 59, 41, 24, 0, 54, 63, 79, 44, 28, 54, 17, 83, 66, 89, 77, 84, 10, 54, 20, 11, 39, 11, 57, 14, 60, 84, 45, 82, 15, 65, 57, 58, 58, 38, 39, 75, 14, 45, 62, 75, 51, 54, 24, 71, 33, 30, 33, 19, 84, 45, 14, 77, 32, 73, 72, 43, 49, 25, 36, 18, 29, 36, 32, 88, 72, 71, 60, 49, 19, 85, 66, 70, 35, 72, 83, 21, 41, 22, 32, 65, 83, 64, 65, 73, 31, 84, 86, 38, 71, 50, 24, 62, 62, 11, 75, 23, 53, 37]
26 [100,315] 17 Distance: [62, 75, 72, 76, 11, 68, 24, 25, 72, 76, 86, 46, 31, 19, 54, 13, 37, 10, 41, 18, 53, 22, 76, 12, 12, 54, 0, 51, 37, 10, 75, 31, 67, 61, 17, 54, 32, 48, 54, 61, 17, 59, 66, 82, 85, 10, 46, 88, 38, 83, 83, 47, 42, 23, 75, 31, 89, 21, 36, 49, 73, 53, 83, 42, 22, 72, 37, 37, 29, 57, 48, 12, 71, 80, 40, 67, 83, 35, 77, 17, 28, 41, 50, 43, 10, 29, 24, 47, 84, 75, 41, 26, 35, 74, 17, 54, 81, 70, 55, 68, 80, 57, 57, 33, 56, 21, 53, 56, 88, 32, 84, 21, 30, 77, 32, 81, 49, 35, 39, 79]
27 [3,203] 25 Distance: [55, 72, 62, 89, 66, 47, 79, 70, 38, 74, 19, 87, 86, 49, 67, 43, 12, 61, 48, 72, 63, 74, 13, 32, 88, 63, 51, 0, 59, 76, 24, 81, 85, 12, 26, 72, 26, 76, 75, 38, 77, 18, 38, 49, 23, 31, 30, 23, 56, 36, 71, 41, 79, 66, 20, 85, 69, 45, 58, 36, 83, 12, 20, 28, 19, 31, 32, 51, 68, 13, 70, 17, 24, 42, 57, 32, 56, 49, 54, 51, 23, 68, 73, 16, 67, 45, 80, 75, 72, 79, 23, 49, 62, 14, 49, 46, 35, 88, 24, 27, 36, 78, 28, 71, 84, 83, 55, 81, 31, 16, 34, 47, 88, 82, 32, 15, 63, 33, 72, 71]
28 [222,356] 57 Distance: [25, 80, 73, 67, 13, 77, 57, 43, 78, 14, 50, 28, 65, 66, 80, 71, 73, 76, 76, 44, 78, 39, 69, 44, 59, 79, 37, 59, 0, 14, 77, 80, 74, 82, 55, 84, 58, 23, 73, 86, 37, 29, 67, 16, 30, 22, 51, 53, 88, 33, 48, 53, 49, 49, 51, 15, 41, 54, 83, 65, 77, 45, 12, 43, 20, 51, 27, 81, 22, 53, 88, 31, 20, 51, 79, 71, 24, 50, 13, 69, 10, 81, 69, 84, 43, 84, 60, 10, 50, 12, 71, 62, 17, 55, 46, 26, 67, 35, 29, 27, 52, 14, 71, 21, 29, 58, 40, 68, 10, 76, 69, 29, 74, 67, 18, 67, 35, 53, 16, 21]
29 [137,267] 55 Distance: [64, 56, 60, 41, 60, 17, 15, 73, 39, 83, 46, 78, 88, 29, 65, 10, 86, 43, 74, 60, 61, 61, 28, 56, 14, 44, 10, 76, 14, 0, 47, 37, 64, 20, 87, 49, 89, 19, 10, 56, 66, 71, 89, 25, 60, 62, 83, 86, 15, 60, 40, 56, 48, 48, 60, 28, 75, 69, 43, 42, 67, 84, 19, 86, 67, 71, 18, 63, 16, 56, 77, 37, 77, 88, 57, 41, 10, 44, 58, 76, 59, 50, 86, 57, 64, 49, 69, 30, 70, 78, 56, 69, 73, 75, 83, 34, 68, 74, 56, 37, 39, 63, 64, 79, 84, 67, 89, 33, 54, 85, 71, 15, 46, 27, 72, 36, 75, 70, 41, 31]
30 [189,432] 72 Distance: [59, 52, 62, 63, 65, 38, 18, 70, 44, 39, 51, 22, 50, 26, 15, 82, 59, 40, 45, 36, 50, 76, 84, 73, 43, 28, 75, 24, 77, 47, 0, 21, 67, 14, 11, 38, 30, 82, 45, 86, 81, 59, 22, 66, 26, 24, 73, 72, 11, 75, 22, 34, 75, 29, 68, 76, 10, 34, 29, 52, 49, 58, 67, 29, 72, 81, 16, 79, 33, 36, 28, 14, 17, 32, 72, 22, 63, 89, 87, 64, 85, 19, 60, 68, 36, 17, 77, 43, 68, 40, 23, 15, 72, 30, 60, 17, 32, 53, 40, 70, 88, 14, 49, 80, 62, 59, 13, 85, 49, 70, 29, 30, 84, 23, 70, 78, 50, 22, 32, 29]
31 [149,187] 60 Distance: [76, 41, 74, 30, 85, 60, 52, 60, 68, 29, 36, 18, 39, 36, 89, 41, 89, 57, 42, 70, 40, 31, 20, 32, 42, 54, 31, 81, 80, 37, 21, 0, 12, 13, 88, 32, 14, 41, 80, 22, 63, 29, 87, 33, 87, 19, 83, 79, 43, 80, 73, 85, 68, 35, 15, 39, 29, 42, 10, 38, 27, 64, 33, 38, 71, 71, 18, 59, 23, 78, 82, 48, 75, 47, 48, 67, 50, 72, 19, 32, 77, 19, 82, 41, 59, 53, 18, 47, 20, 63, 10, 63, 49, 84, 82, 44, 56, 56, 10, 52, 70, 17, 71, 18, 85, 78, 40, 16, 77, 16, 71, 55, 71, 72, 58, 53, 28, 63, 41, 41]
32 [25,409] 31 Distance: [27, 61, 83, 73, 69, 80, 17, 69, 12, 84, 50, 10, 25, 68, 29, 81, 53, 37, 69, 39, 27, 11, 62, 89, 59, 17, 67, 85, 74, 64, 67, 12, 0, 60, 12, 11, 29, 10, 86, 89, 81, 20, 38, 84, 32, 81, 23, 50, 33, 67, 29, 67, 60, 29, 15, 50, 55, 30, 19, 39, 77, 58, 21, 73, 42, 73, 19, 32, 37, 25, 56, 41, 41, 15, 67, 83, 18, 59, 35, 87, 65, 89, 81, 68, 60, 36, 42, 72, 53, 69, 40, 26, 21, 73, 44, 36, 85, 48, 74, 63, 57, 50, 16, 70, 73, 44, 52, 61, 62, 56, 58, 42, 85, 59, 47, 33, 82, 39, 69, 45]
33 [77,465] 28 Distance: [28, 38, 38, 16, 71, 49, 59, 73, 22, 38, 28, 54, 42, 34, 50, 24, 50, 18, 29, 66, 14, 39, 25, 32, 35, 83, 61, 12, 82, 20, 14, 13, 60, 0, 53, 17, 75, 58, 66, 77, 23, 32, 79, 37, 51, 26, 47, 56, 18, 37, 69, 15, 61, 68, 56, 12, 47, 64, 34, 43, 41, 44, 68, 74, 18, 70, 10, 69, 15, 74, 86, 58, 59, 65, 60, 59, 67, 70, 25, 17, 33, 25, 17, 14, 18, 77, 20, 75, 70, 28, 60, 32, 68, 10, 37, 34, 71, 22, 41, 22, 73, 45, 87, 68, 75, 73, 63, 86, 14, 55, 45, 48, 65, 22, 16, 26, 55, 43, 54, 89]
34 [11,194] 27 Distance: [38, 30, 41, 21, 25, 12, 88, 69, 89, 59, 76, 28, 52, 66, 42, 33, 83, 10, 40, 41, 74, 88, 40, 51, 56, 66, 17, 26, 55, 87, 11, 88, 12, 53, 0, 36, 50, 86, 12, 84, 47, 25, 33, 88, 50, 37, 23, 62, 24, 88, 15, 75, 30, 46, 12, 56, 17, 30, 73, 55, 33, 87, 73, 16, 52, 19, 26, 60, 38, 69, 51, 77, 30, 36, 60, 88, 28, 52, 77, 80, 31, 45, 47, 16, 19, 42, 30, 37, 71, 17, 16, 70, 77, 42, 63, 33, 58, 29, 18, 35, 45, 76, 74, 83, 28, 59, 72, 27, 10, 56, 44, 84, 37, 58, 40, 14, 76, 10, 50, 41]
35 [96,307] 7 Distance: [23, 15, 54, 80, 78, 65, 21, 70, 41, 59, 24, 42, 31, 52, 44, 68, 25, 70, 50, 76, 70, 85, 56, 44, 35, 89, 54, 72, 84, 49, 38, 32, 11, 17, 36, 0, 62, 24, 41, 82, 78, 44, 31, 45, 18, 26, 37, 12, 58, 81, 36, 57, 61, 16, 71, 54, 31, 69, 86, 62, 64, 68, 62, 87, 62, 32, 76, 23, 74, 41, 40, 48, 72, 50, 46, 26, 48, 77, 87, 27, 33, 38, 70, 53, 37, 89, 63, 60, 16, 64, 18, 82, 66, 29, 21, 65, 12, 33, 79, 85, 63, 22, 33, 52, 48, 31, 63, 42, 23, 58, 12, 37, 23, 31, 68, 42, 72, 41, 50, 18]
36 [26,252] 10 Distance: [55, 21, 85, 57, 60, 63, 53, 16, 17, 77, 55, 40, 16, 75, 51, 37, 70, 27, 28, 69, 17, 70, 73, 61, 78, 77, 32, 26, 58, 89, 30, 14, 29, 75, 50, 62, 0, 80, 45, 66, 36, 32, 75, 65, 64, 42, 64, 16, 21, 33, 37, 40, 32, 24, 40, 55, 19, 13, 38, 56, 13, 31, 33, 33, 27, 57, 83, 22, 43, 51, 48, 43, 56, 14, 65, 22, 39, 13, 66, 83, 45, 51, 25, 49, 11, 39, 81, 57, 55, 36, 83, 63, 40, 29, 16, 50, 29, 30, 78, 29, 27, 29, 76, 48, 18, 79, 35, 88, 26, 39, 27, 42, 63, 74, 23, 16, 22, 30, 46, 74]
37 [218,473] 19 Distance: [45, 59, 26, 42, 26, 58, 60, 80, 44, 42, 13, 60, 33, 53, 36, 41, 29, 21, 59, 84, 15, 84, 69, 66, 30, 84, 48, 76, 23, 19, 82, 41, 10, 58, 86, 24, 80, 0, 59, 65, 87, 54, 89, 85, 80, 42, 53, 25, 75, 29, 87, 35, 22, 69, 37, 89, 21, 28, 78, 46, 30, 28, 16, 26, 17, 89, 23, 83, 34, 30, 67, 39, 20, 63, 20, 12, 84, 13, 69, 46, 15, 89, 82, 71, 49, 16, 39, 46, 59, 68, 70, 38, 64, 43, 36, 54, 28, 32, 33, 73, 34, 56, 35, 28, 64, 31, 46, 21, 17, 81, 18, 67, 47, 68, 48, 48, 18, 50, 58, 34]
38 [134,429] 75 Distance: [79, 78, 65, 34, 72, 66, 89, 46, 88, 34, 76, 20, 41, 49, 57, 67, 57, 28, 85, 81, 10, 32, 42, 65, 67, 10, 54, 75, 73, 10, 45, 80, 86, 66, 12, 41, 45, 59, 0, 58, 85, 55, 33, 85, 59, 31, 84, 29, 25, 57, 68, 17, 28, 63, 18, 78, 42, 58, 68, 26, 23, 64, 26, 30, 20, 22, 47, 13, 33, 19, 43, 53, 67, 68, 53, 80, 17, 37, 38, 23, 88, 18, 25, 20, 63, 75, 78, 51, 53, 13, 62, 85, 54, 19, 24, 32, 76, 40, 42, 38, 33, 71, 44, 47, 19, 33, 22, 38, 81, 42, 81, 78, 66, 65, 59, 47, 69, 10, 68, 17]
39 [28,155] 75 Distance: [73, 87, 16, 58, 17, 81, 64, 42, 61, 88, 21, 35, 62, 50, 70, 76, 83, 14, 69, 24, 35, 12, 59, 12, 13, 54, 61, 38, 86, 56, 86, 22, 89, 77, 84, 82, 66, 65, 58, 0, 18, 58, 85, 67, 63, 78, 65, 73, 47, 73, 52, 48, 70, 72, 88, 14, 55, 67, 38, 27, 14, 50, 57, 22, 41, 57, 46, 86, 65, 50, 72, 14, 38, 37, 64, 43, 73, 39, 41, 45, 51, 13, 17, 79, 50, 43, 20, 37, 85, 13, 59, 50, 28, 80, 33, 35, 50, 62, 22, 28, 71, 21, 77, 12, 22, 19, 64, 15, 21, 33, 51, 48, 59, 40, 54, 41, 44, 52, 20, 25]
40 [159,420] 16 Distance: [46, 82, 54, 65, 40, 85, 83, 16, 87, 61, 41, 37, 51, 17, 33, 28, 38, 72, 88, 73, 39, 66, 49, 80, 65, 20, 17, 77, 37, 66, 81, 63, 81, 23, 47, 78, 36, 87, 85, 18, 0, 31, 19, 88, 32, 32, 26, 63, 74, 18, 53, 56, 85, 44, 25, 24, 65, 84, 56, 59, 52, 74, 15, 52, 39, 75, 79, 70, 64, 22, 87, 59, 12, 10, 10, 17, 57, 14, 66, 69, 45, 27, 33, 87, 39, 20, 16, 13, 16, 70, 38, 84, 13, 58, 54, 48, 36, 71, 86, 69, 57, 68, 55, 46, 68, 43, 38, 27, 64, 89, 78, 72, 50, 18, 55, 39, 84, 82, 31, 48]
41 [207,212] 64 Distance: [35, 75, 14, 17, 76, 36, 25, 54, 69, 65, 40, 72, 24, 82, 43, 34, 65, 81, 29, 56, 43, 54, 70, 84, 47, 11, 59, 18, 29, 71, 59, 29, 20, 32, 25, 44, 32, 54, 55, 58, 31, 0, 13, 62, 35, 15, 63, 57, 59, 11, 77, 67, 16, 39, 23, 75, 10, 50, 19, 53, 10, 89, 26, 38, 32, 11, 76, 12, 26, 61, 81, 43, 58, 20, 61, 66, 19, 16, 78, 60, 64, 41, 37, 67, 81, 49, 15, 30, 82, 56, 15, 75, 58, 79, 74, 72, 45, 36, 31, 11, 78, 44, 17, 18, 53, 15, 34, 69, 25, 60, 29, 71, 10, 61, 48, 75, 13, 54, 21, 34]
42 [70,449] 20 Distance: [76, 51, 35, 58, 19, 11, 58, 12, 65, 46, 35, 63, 36, 55, 70, 28, 14, 65, 44, 74, 22, 74, 56, 35, 33, 39, 66, 38, 67, 89, 22, 87, 38, 79, 33, 31, 75, 89, 33, 85, 19, 13, 0, 21, 71, 75, 35, 42, 65, 86, 20, 73, 37, 63, 37, 72, 88, 89, 76, 20, 83, 66, 10, 73, 38, 66, 13, 29, 60, 83, 31, 41, 42, 28, 27, 53, 66, 12, 15, 31, 20, 80, 45, 56, 35, 33, 28, 27, 69, 45, 60, 27, 20, 48, 39, 24, 67, 14, 50, 45, 42, 64, 67, 73, 66, 57, 28, 24, 12, 84, 21, 61, 27, 60, 24, 30, 66, 39, 54, 28]
43 [57,93] 70 Distance: [83, 42, 35, 84, 77, 16, 48, 29, 59, 23, 40, 36, 37, 19, 16, 84, 79, 33, 64, 31, 51, 63, 87, 66, 44, 11, 82, 49, 16, 25, 66, 33, 84, 37, 88, 45, 65, 85, 85, 67, 88, 62, 21, 0, 72, 32, 71, 30, 56, 80, 31, 57, 85, 40, 11, 62, 59, 77, 75, 16, 32, 64, 42, 48, 26, 89, 56, 87, 42, 63, 24, 63, 70, 23, 85, 14, 84, 71, 16, 48, 17, 70, 69, 81, 50, 34, 44, 68, 82, 28, 75, 82, 11, 20, 24, 66, 64, 77, 27, 17, 54, 77, 66, 79, 34, 68, 15, 22, 61, 86, 12, 87, 85, 38, 31, 18, 61, 32, 40, 82]
44 [211,309] 33 Distance: [21, 59, 19, 46, 72, 78, 21, 64, 35, 28, 21, 60, 62, 61, 17, 60, 13, 73, 55, 75, 36, 35, 50, 39, 79, 57, 85, 23, 30, 60, 26, 87, 32, 51, 50, 18, 64, 80, 59, 63, 32, 35, 71, 72, 0, 21, 35, 23, 36, 52, 26, 26, 82, 33, 54, 36, 48, 65, 58, 26, 17, 27, 18, 87, 71, 40, 80, 31, 37, 86, 52, 32, 19, 11, 40, 68, 46, 70, 53, 19, 89, 49, 22, 86, 36, 51, 39, 38, 71, 82, 73, 51, 59, 85, 69, 48, 53, 39, 26, 44, 48, 72, 85, 76, 38, 30, 76, 35, 74, 74, 71, 83, 53, 69, 75, 45, 76, 56, 36, 21]
45 [101,157] 27 Distance: [82, 35, 14, 53, 12, 25, 49, 17, 57, 10, 84, 79, 41, 15, 50, 34, 26, 60, 36, 10, 43, 46, 16, 58, 73, 14, 10, 31, 22, 62, 24, 19, 81, 26, 37, 26, 42, 42, 31, 78, 32, 15, 75, 32, 21, 0, 74, 74, 15, 65, 31, 20, 81, 48, 84, 65, 56, 71, 42, 33, 12, 86, 47, 13, 64, 26, 28, 36, 11, 59, 13, 20, 78, 86, 45, 37, 66, 37, 78, 47, 15, 41, 50, 59, 27, 10, 42, 55, 45, 85, 40, 35, 13, 84, 18, 57, 74, 12, 54, 74, 71, 64, 68, 66, 19, 50, 45, 45, 35, 42, 22, 84, 62, 31, 25, 64, 53, 66, 72, 15]
46 [36,272] 49 Distance: [11, 16, 70, 55, 25, 45, 25, 25, 37, 63, 79, 62, 66, 48, 86, 66, 10, 74, 60, 29, 10, 75, 46, 72, 85, 60, 46, 30, 51, 83, 73, 83, 23, 47, 23, 37, 64, 53, 84, 65, 26, 63, 35, 71, 35, 74, 0, 14, 10, 14, 35, 76, 41, 84, 71, 44, 62, 77, 78, 13, 84, 47, 52, 61, 88, 30, 86, 13, 24, 71, 29, 16, 70, 86, 37, 37, 75, 84, 76, 14, 73, 48, 21, 45, 25, 25, 76, 74, 67, 37, 21, 19, 60, 17, 61, 65, 74, 22, 50, 82, 50, 20, 78, 73, 50, 30, 14, 46, 43, 49, 66, 83, 38, 34, 13, 84, 40, 67, 27, 10]
47 [127,319] 86 Distance: [73, 44, 62, 48, 30, 48, 15, 66, 74, 17, 74, 82, 45, 53, 65, 18, 10, 41, 42, 74, 62, 53, 32, 56, 16, 84, 88, 23, 53, 86, 72, 79, 50, 56, 62, 12, 16, 25, 29, 73, 63, 57, 42, 30, 23, 74, 14, 0, 16, 50, 82, 60, 13, 47, 66, 50, 28, 39, 70, 40, 78, 49, 12, 28, 41, 37, 49, 20, 69, 68, 69, 30, 23, 88, 30, 70, 74, 41, 73, 77, 89, 72, 75, 60, 89, 76, 69, 22, 19, 70, 86, 66, 31, 35, 26, 61, 44, 63, 16, 27, 77, 16, 42, 38, 29, 86, 78, 21, 19, 60, 57, 74, 80, 11, 18, 72, 53, 12, 12, 78]
48 [90,332] 52 Distance: [76, 71, 10, 25, 42, 30, 19, 29, 60, 23, 77, 68, 10, 33, 14, 50, 56, 78, 64, 16, 31, 37, 44, 30, 25, 45, 38, 56, 88, 15, 11, 43, 33, 18, 24, 58, 21, 75, 25, 47, 74, 59, 65, 56, 36, 15, 10, 16, 0, 66, 88, 54, 69, 42, 78, 29, 82, 50, 31, 65, 24, 71, 58, 52, 77, 63, 79, 47, 39, 71, 66, 31, 35, 12, 15, 60, 18, 86, 84, 58, 65, 14, 63, 25, 35, 49, 68, 71, 29, 44, 75, 54, 13, 71, 21, 55, 88, 78, 41, 69, 63, 58, 47, 15, 61, 31, 87, 29, 16, 14, 23, 36, 49, 75, 80, 52, 66, 57, 27, 46]
49 [126,180] 40 Distance: [71, 75, 84, 84, 49, 58, 86, 70, 81, 88, 63, 30, 84, 13, 31, 39, 46, 62, 19, 16, 19, 31, 15, 45, 65, 82, 83, 36, 33, 60, 75, 80, 67, 37, 88, 81, 33, 29, 57, 73, 18, 11, 86, 80, 52, 65, 14, 50, 66, 0, 51, 49, 22, 35, 32, 49, 21, 88, 75, 65, 86, 86, 17, 64, 69, 30, 44, 13, 57, 25, 69, 35, 57, 13, 19, 44, 63, 27, 84, 22, 87, 53, 55, 18, 19, 46, 36, 73, 63, 26, 25, 25, 11, 20, 82, 30, 11, 30, 67, 12, 39, 51, 37, 87, 63, 73, 75, 21, 63, 18, 79, 44, 75, 81, 14, 70, 55, 57, 77, 51]
50 [71,235] 48 Distance: [74, 17, 73, 82, 73, 25, 82, 65, 58, 50, 22, 68, 70, 18, 42, 25, 29, 50, 23, 23, 44, 80, 52, 60, 71, 15, 83, 71, 48, 40, 22, 73, 29, 69, 15, 36, 37, 87, 68, 52, 53, 77, 20, 31, 26, 31, 35, 82, 88, 51, 0, 22, 65, 55, 45, 29, 68, 68, 54, 66, 70, 71, 13, 54, 64, 36, 64, 61, 28, 76, 60, 54, 12, 86, 47, 11, 37, 44, 14, 23, 89, 47, 35, 62, 34, 72, 15, 14, 42, 61, 45, 64, 71, 11, 70, 59, 52, 22, 17, 53, 43, 43, 34, 87, 79, 29, 35, 12, 21, 20, 65, 53, 18, 63, 61, 44, 15, 81, 83, 83]
51 [11,242] 57 Distance: [20, 36, 81, 31, 27, 39, 86, 77, 26, 20, 49, 59, 55, 49, 40, 69, 51, 62, 62, 17, 60, 55, 40, 87, 42, 65, 47, 41, 53, 56, 34, 85, 67, 15, 75, 57, 40, 35, 17, 48, 56, 67, 73, 57, 26, 20, 76, 60, 54, 49, 22, 0, 58, 31, 39, 57, 39, 69, 59, 40, 83, 64, 61, 46, 89, 43, 13, 53, 61, 57, 61, 49, 69, 43, 33, 22, 56, 63, 53, 36, 78, 38, 30, 16, 71, 16, 40, 64, 89, 86, 31, 18, 17, 68, 74, 73, 74, 33, 33, 69, 27, 60, 47, 15, 26, 37, 82, 14, 14, 69, 63, 40, 67, 27, 19, 41, 55, 83, 53, 73]
52 [3,90] 33 Distance: [77, 44, 37, 65, 45, 65, 86, 34, 35, 84, 15, 22, 86, 16, 55, 81, 79, 62, 19, 43, 53, 20, 32, 80, 47, 57, 42, 79, 49, 48, 75, 68, 60, 61, 30, 61, 32, 22, 28, 70, 85, 16, 37, 85, 82, 81, 41, 13, 69, 22, 65, 58, 0, 49, 85, 71, 61, 65, 56, 59, 60, 18, 81, 33, 76, 76, 12, 62, 73, 87, 37, 41, 81, 57, 52, 64, 79, 32, 51, 87, 17, 60, 45, 64, 72, 19, 84, 86, 29, 40, 79, 83, 43, 70, 62, 34, 12, 86, 60, 47, 83, 48, 64, 42, 35, 61, 48, 58, 10, 75, 18, 14, 14, 27, 80, 79, 19, 84, 88, 49]
53 [25,183] 22 Distance: [80, 55, 18, 11, 14, 63, 72, 15, 83, 30, 43, 31, 27, 12, 50, 28, 30, 61, 89, 89, 73, 81, 80, 59, 30, 58, 23, 66, 49, 48, 29, 35, 29, 68, 46, 16, 24, 69, 63, 72, 44, 39, 63, 40, 33, 48, 84, 47, 42, 35, 55, 31, 49, 0, 21, 74, 77, 72, 72, 57, 13, 39, 58, 75, 32, 52, 18, 89, 58, 88, 87, 46, 61, 18, 31, 23, 62, 43, 35, 23, 18, 68, 59, 87, 36, 27, 27, 27, 86, 61, 73, 63, 34, 69, 42, 80, 60, 67, 89, 71, 70, 23, 51, 16, 47, 28, 34, 25, 73, 83, 19, 54, 37, 52, 86, 65, 14, 57, 66, 30]
54 [42,117] 71 Distance: [11, 43, 56, 46, 66, 21, 26, 25, 84, 39, 16, 57, 66, 74, 52, 10, 54, 84, 77, 21, 81, 56, 88, 14, 52, 58, 75, 20, 51, 60, 68, 15, 15, 56, 12, 71, 40, 37, 18, 88, 25, 23, 37, 11, 54, 84, 71, 66, 78, 32, 45, 39, 85, 21, 0, 14, 22, 18, 77, 81, 48, 80, 41, 52, 14, 12, 61, 41, 61, 74, 22, 58, 61, 69, 36, 24, 57, 20, 58, 79, 68, 23, 84, 23, 78, 61, 56, 26, 39, 54, 38, 61, 26, 32, 41, 77, 10, 64, 63, 39, 11, 63, 53, 19, 55, 47, 28, 30, 17, 40, 56, 51, 38, 51, 86, 86, 47, 34, 13, 61]
55 [202,290] 88 Distance: [36, 60, 83, 64, 47, 18, 18, 66, 57, 24, 86, 12, 78, 22, 18, 83, 34, 70, 19, 17, 72, 13, 78, 86, 75, 38, 31, 85, 15, 28, 76, 39, 50, 12, 56, 54, 55, 89, 78, 14, 24, 75, 72, 62, 36, 65, 44, 50, 29, 49, 29, 57, 71, 74, 14, 0, 51, 42, 78, 74, 26, 78, 22, 57, 60, 57, 18, 19, 87, 55, 33, 13, 48, 65, 69, 16, 48, 52, 51, 85, 64, 77, 75, 13, 32, 51, 33, 74, 32, 16, 57, 46, 34, 13, 50, 30, 54, 74, 57, 18, 21, 71, 46, 12, 10, 81, 67, 66, 74, 44, 65, 10, 84, 41, 21, 33, 20, 85, 24, 39]
56 [67,219] 11 Distance: [38, 25, 69, 36, 29, 80, 55, 78, 67, 16, 51, 10, 65, 42, 12, 51, 69, 85, 49, 29, 85, 56, 39, 67, 13, 39, 89, 69, 41, 75, 10, 29, 55, 47, 17, 31, 19, 21, 42, 55, 65, 10, 88, 59, 48, 56, 62, 28, 82, 21, 68, 39, 61, 77, 22, 51, 0, 81, 31, 60, 59, 86, 19, 66, 79, 14, 39, 24, 40, 72, 17, 15, 84, 58, 19, 75, 23, 82, 52, 68, 36, 24, 44, 74, 53, 47, 28, 21, 40, 26, 56, 74, 22, 43, 18, 73, 80, 87, 84, 19, 88, 21, 74, 58, 89, 21, 10, 80, 36, 77, 16, 17, 89, 15, 58, 77, 78, 38, 28, 13]
57 [78,211] 8 Distance: [67, 13, 46, 73, 68, 44, 15, 21, 24, 55, 22, 43, 58, 30, 74, 67, 84, 40, 31, 17, 17, 82, 13, 44, 16, 75, 21, 45, 54, 69, 34, 42, 30, 64, 30, 69, 13, 28, 58, 67, 84, 50, 89, 77, 65, 71, 77, 39, 50, 88, 68, 69, 65, 72, 18, 42, 81, 0, 79, 15, 49, 23, 18, 85, 80, 45, 37, 20, 55, 31, 39, 31, 86, 17, 47, 77, 10, 55, 61, 46, 36, 28, 76, 60, 85, 66, 80, 29, 57, 84, 17, 84, 62, 88, 84, 55, 79, 64, 19, 75, 65, 79, 72, 43, 73, 24, 27, 56, 71, 34, 69, 26, 20, 89, 33, 21, 52, 78, 78, 87]
58 [154,429] 39 Distance: [33, 53, 45, 69, 85, 56, 57, 40, 45, 77, 33, 74, 30, 45, 70, 34, 62, 73, 17, 89, 56, 44, 87, 31, 18, 14, 36, 58, 83, 43, 29, 10, 19, 34, 73, 86, 38, 78, 68, 38, 56, 19, 76, 75, 58, 42, 78, 70, 31, 75, 54, 59, 56, 72, 77, 78, 31, 79, 0, 23, 62, 83, 13, 50, 80, 80, 53, 52, 55, 28, 47, 72, 87, 16, 13, 39, 85, 48, 25, 70, 55, 17, 85, 35, 27, 28, 61, 56, 20, 13, 57, 10, 46, 40, 62, 17, 51, 89, 85, 83, 54, 54, 51, 15, 12, 35, 39, 67, 26, 50, 67, 59, 58, 53, 34, 55, 23, 33, 55, 39]
59 [72,387] 38 Distance: [58, 14, 34, 54, 21, 18, 53, 78, 21, 29, 14, 64, 57, 69, 24, 78, 88, 52, 74, 29, 71, 50, 84, 29, 55, 45, 49, 36, 65, 42, 52, 38, 39, 43, 55, 62, 56, 46, 26, 27, 59, 53, 20, 16, 26, 33, 13, 40, 65, 65, 66, 40, 59, 57, 81, 74, 60, 15, 23, 0, 24, 33, 86, 37, 10, 68, 44, 63, 37, 36, 88, 16, 16, 68, 61, 75, 17, 53, 64, 67, 45, 53, 44, 41, 61, 84, 21, 50, 17, 20, 41, 84, 30, 29, 18, 30, 52, 59, 73, 18, 27, 69, 20, 31, 27, 42, 32, 79, 26, 57, 74, 57, 31, 77, 39, 84, 86, 51, 83, 10]
60 [160,188] 19 Distance: [60, 44, 36, 86, 32, 61, 54, 33, 71, 24, 13, 26, 50, 69, 53, 14, 33, 11, 56, 24, 43, 59, 50, 65, 68, 62, 73, 83, 77, 67, 49, 27, 77, 41, 33, 64, 13, 30, 23, 14, 52, 10, 83, 32, 17, 12, 84, 78, 24, 86, 70, 83, 60, 13, 48, 26, 59, 49, 62, 24, 0, 77, 74, 38, 84, 43, 54, 35, 39, 48, 17, 58, 75, 72, 31, 45, 68, 41, 76, 32, 79, 11, 68, 73, 11, 23, 78, 39, 65, 24, 22, 63, 49, 47, 86, 82, 42, 50, 16, 26, 86, 84, 58, 83, 48, 16, 39, 70, 67, 63, 46, 33, 48, 25, 41, 66, 75, 88, 28, 34]
61 [10,425] 31 Distance: [43, 16, 43, 28, 66, 15, 83, 10, 79, 18, 36, 44, 36, 52, 36, 11, 12, 73, 42, 67, 20, 55, 84, 12, 78, 75, 53, 12, 45, 84, 58, 64, 58, 44, 87, 68, 31, 28, 64, 50, 74, 89, 66, 64, 27, 86, 47, 49, 71, 86, 71, 64, 18, 39, 80, 78, 86, 23, 83, 33, 77, 0, 67, 87, 64, 63, 44, 26, 75, 17, 11, 72, 14, 46, 45, 82, 11, 72, 36, 71, 48, 84, 63, 32, 37, 87, 69, 55, 13, 41, 14, 69, 44, 11, 78, 72, 38, 84, 15, 83, 16, 23, 42, 31, 53, 32, 33, 48, 39, 30, 60, 82, 64, 43, 78, 34, 51, 37, 67, 57]
62 [89,383] 62 Distance: [20, 45, 82, 58, 73, 50, 85, 35, 33, 12, 20, 30, 89, 30, 37, 22, 34, 82, 56, 42, 23, 12, 52, 38, 46, 51, 83, 20, 12, 19, 67, 33, 21, 68, 73, 62, 33, 16, 26, 57, 15, 26, 10, 42, 18, 47, 52, 12, 58, 17, 13, 61, 81, 58, 41, 22, 19, 18, 13, 86, 74, 67, 0, 20, 65, 24, 83, 65, 22, 71, 30, 44, 52, 46, 46, 70, 72, 11, 13, 25, 39, 38, 64, 33, 71, 27, 84, 89, 45, 82, 71, 62, 49, 29, 36, 18, 63, 45, 70, 63, 86, 18, 45, 21, 51, 13, 47, 18, 40, 51, 69, 61, 37, 64, 86, 79, 24, 85, 50, 47]
63 [24,60] 35 Distance: [30, 14, 56, 37, 76, 69, 86, 65, 12, 32, 87, 37, 60, 44, 24, 35, 18, 65, 67, 79, 82, 38, 27, 69, 41, 54, 42, 28, 43, 86, 29, 38, 73, 74, 16, 87, 33, 26, 30, 22, 52, 38, 73, 48, 87, 13, 61, 28, 52, 64, 54, 46, 33, 75, 52, 57, 66, 85, 50, 37, 38, 87, 20, 0, 33, 65, 84, 41, 30, 55, 74, 26, 54, 33, 65, 74, 33, 65, 26, 54, 20, 32, 57, 25, 43, 53, 44, 86, 62, 67, 88, 85, 86, 63, 62, 71, 41, 77, 45, 24, 64, 38, 50, 33, 42, 88, 42, 70, 42, 26, 88, 18, 28, 42, 33, 13, 21, 54, 68, 72]
64 [127,179] 35 Distance: [77, 33, 60, 84, 28, 11, 87, 54, 82, 64, 19, 72, 52, 26, 66, 66, 52, 49, 71, 18, 87, 40, 44, 16, 67, 24, 22, 19, 20, 67, 72, 71, 42, 18, 52, 62, 27, 17, 20, 41, 39, 32, 38, 26, 71, 64, 88, 41, 77, 69, 64, 89, 76, 32, 14, 60, 79, 80, 80, 10, 84, 64, 65, 33, 0, 55, 83, 56, 53, 83, 45, 46, 69, 25, 11, 22, 31, 27, 46, 13, 26, 65, 38, 35, 24, 21, 81, 43, 63, 14, 33, 11, 84, 42, 89, 83, 86, 20, 68, 75, 21, 37, 49, 85, 77, 70, 63, 66, 35, 84, 49, 49, 58, 60, 63, 17, 18, 70, 57, 39]
65 [172,450] 14 Distance: [51, 27, 32, 75, 40, 85, 27, 86, 27, 26, 59, 78, 88, 68, 33, 46, 32, 77, 29, 76, 15, 80, 68, 25, 40, 71, 72, 31, 51, 71, 81, 71, 73, 70, 19, 32, 57, 89, 22, 57, 75, 11, 66, 89, 40, 26, 30, 37, 63, 30, 36, 43, 76, 52, 12, 57, 14, 45, 80, 68, 43, 63, 24, 65, 55, 0, 30, 79, 56, 59, 17, 62, 50, 13, 85, 40, 73, 85, 39, 30, 18, 56, 34, 20, 13, 70, 22, 61, 22, 48, 69, 18, 22, 88, 10, 65, 54, 81, 54, 50, 82, 69, 40, 21, 70, 36, 24, 87, 56, 26, 17, 68, 81, 26, 73, 86, 57, 86, 14, 11]
66 [181,413] 74 Distance: [24, 24, 37, 30, 11, 21, 41, 55, 24, 14, 67, 36, 41, 75, 77, 69, 76, 30, 63, 72, 80, 56, 27, 49, 68, 33, 37, 32, 27, 18, 16, 18, 19, 10, 26, 76, 83, 23, 47, 46, 79, 76, 13, 56, 80, 28, 86, 49, 79, 44, 64, 13, 12, 18, 61, 18, 39, 37, 53, 44, 54, 44, 83, 84, 83, 30, 0, 62, 65, 14, 36, 49, 75, 67, 10, 13, 59, 89, 60, 20, 28, 30, 19, 88, 78, 21, 38, 83, 77, 86, 25, 52, 79, 69, 48, 39, 54, 30, 66, 47, 37, 42, 41, 18, 16, 65, 69, 49, 28, 76, 32, 83, 37, 21, 76, 13, 62, 78, 41, 48]
67 [217,375] 51 Distance: [75, 39, 86, 89, 10, 48, 53, 55, 63, 44, 49, 60, 62, 26, 14, 63, 55, 56, 59, 25, 46, 81, 45, 15, 16, 30, 37, 51, 81, 63, 79, 59, 32, 69, 60, 23, 22, 83, 13, 86, 70, 12, 29, 87, 31, 36, 13, 20, 47, 13, 61, 53, 62, 89, 41, 19, 24, 20, 52, 63, 35, 26, 65, 41, 56, 79, 62, 0, 19, 58, 67, 78, 43, 76, 55, 74, 57, 58, 86, 12, 50, 45, 19, 78, 73, 40, 38, 55, 69, 51, 19, 33, 68, 35, 68, 40, 73, 71, 67, 49, 16, 81, 52, 36, 35, 47, 79, 72, 85, 38, 27, 10, 43, 58, 86, 42, 27, 60, 65, 66]
68 [90,404] 75 Distance: [85, 87, 70, 67, 35, 28, 38, 58, 15, 34, 41, 59, 81, 73, 29, 63, 54, 27, 16, 53, 41, 17, 60, 67, 35, 33, 29, 68, 22, 16, 33, 23, 37, 15, 38, 74, 43, 34, 33, 65, 64, 26, 60, 42, 37, 11, 24, 69, 39, 57, 28, 61, 73, 58, 61, 87, 40, 55, 55, 37, 39, 75, 22, 30, 53, 56, 65, 19, 0, 28, 33, 40, 83, 61, 26, 64, 45, 17, 85, 88, 43, 40, 32, 18, 73, 42, 21, 43, 36, 76, 38, 54, 76, 52, 22, 87, 24, 89, 50, 74, 70, 52, 74, 52, 45, 67, 64, 82, 81, 76, 60, 62, 50, 31, 57, 32, 66, 36, 48, 32]
69 [168,188] 48 Distance: [68, 42, 55, 63, 41, 60, 81, 77, 71, 67, 11, 50, 35, 28, 50, 26, 11, 48, 14, 88, 40, 89, 51, 27, 42, 19, 57, 13, 53, 56, 36, 78, 25, 74, 69, 41, 51, 30, 19, 50, 22, 61, 83, 63, 86, 59, 71, 68, 71, 25, 76, 57, 87, 88, 74, 55, 72, 31, 28, 36, 48, 17, 71, 55, 83, 59, 14, 58, 28, 0, 33, 19, 31, 57, 23, 82, 21, 73, 13, 41, 61, 86, 40, 65, 36, 11, 35, 43, 24, 63, 39, 30, 16, 38, 74, 40, 82, 81, 18, 85, 53, 65, 52, 29, 67, 73, 14, 72, 58, 17, 77, 13, 48, 23, 43, 88, 81, 80, 24, 25]
70 [93,180] 10 Distance: [44, 26, 21, 46, 47, 52, 84, 79, 32, 59, 34, 88, 16, 20, 63, 37, 29, 24, 60, 44, 31, 71, 79, 70, 26, 84, 48, 70, 88, 77, 28, 82, 56, 86, 51, 40, 48, 67, 43, 72, 87, 81, 31, 24, 52, 13, 29, 69, 66, 69, 60, 61, 37, 87, 22, 33, 17, 39, 47, 88, 17, 11, 30, 74, 45, 17, 36, 67, 33, 33, 0, 39, 28, 68, 89, 20, 39, 23, 88, 62, 43, 77, 18, 55, 19, 17, 48, 56, 43, 37, 58, 74, 83, 59, 26, 49, 82, 68, 60, 70, 71, 66, 65, 15, 43, 75, 83, 77, 18, 29, 67, 17, 17, 24, 14, 11, 57, 13, 30, 81]
71 [123,247] 89 Distance: [61, 77, 80, 20, 45, 72, 47, 50, 53, 45, 22, 61, 86, 33, 62, 77, 65, 43, 22, 61, 29, 36, 55, 61, 39, 45, 12, 17, 31, 37, 14, 48, 41, 58, 77, 48, 43, 39, 53, 14, 59, 43, 41, 63, 32, 20, 16, 30, 31, 35, 54, 49, 41, 46, 58, 13, 15, 31, 72, 16, 58, 72, 44, 26, 46, 62, 49, 78, 40, 19, 39, 0, 33, 33, 28, 57, 66, 45, 36, 51, 59, 22, 81, 22, 85, 52, 23, 70, 33, 49, 63, 46, 78, 63, 61, 79, 39, 86, 77, 21, 56, 10, 44, 34, 48, 37, 83, 58, 82, 22, 78, 11, 71, 69, 11, 70, 30, 17, 78, 78]
72 [77,164] 4 Distance: [82, 32, 42, 34, 77, 40, 27, 59, 53, 70, 40, 53, 89, 41, 60, 84, 18, 69, 11, 51, 12, 13, 71, 42, 44, 14, 71, 24, 20, 77, 17, 75, 41, 59, 30, 72, 56, 20, 67, 38, 12, 58, 42, 70, 19, 78, 70, 23, 35, 57, 12, 69, 81, 61, 61, 48, 84, 86, 87, 16, 75, 14, 52, 54, 69, 50, 75, 43, 83, 31, 28, 33, 0, 19, 24, 17, 28, 61, 19, 41, 45, 64, 12, 68, 41, 35, 77, 30, 64, 77, 86, 66, 18, 73, 25, 46, 43, 24, 54, 47, 74, 85, 14, 75, 29, 83, 23, 78, 75, 67, 27, 60, 13, 50, 61, 54, 26, 47, 41, 87]
73 [133,389] 27 Distance: [12, 50, 20, 47, 31, 83, 47, 25, 58, 32, 56, 29, 79, 33, 67, 26, 15, 17, 51, 11, 59, 76, 78, 26, 65, 77, 80, 42, 51, 88, 32, 47, 15, 65, 36, 50, 14, 63, 68, 37, 10, 20, 28, 23, 11, 86, 86, 88, 12, 13, 86, 43, 57, 18, 69, 65, 58, 17, 16, 68, 72, 46, 46, 33, 25, 13, 67, 76, 61, 57, 68, 33, 19, 0, 29, 26, 55, 30, 21, 24, 28, 54, 73, 51, 44, 80, 86, 31, 64, 18, 22, 55, 79, 57, 14, 69, 13, 74, 69, 80, 13, 39, 12, 80, 52, 45, 47, 45, 12, 41, 22, 69, 49, 11, 56, 45, 28, 66, 77, 47]
74 [204,429] 1 Distance: [40, 78, 73, 41, 87, 87, 78, 38, 39, 15, 12, 36, 45, 57, 22, 15, 41, 17, 13, 13, 19, 88, 15, 72, 42, 32, 40, 57, 79, 57, 72, 48, 67, 60, 60, 46, 65, 20, 53, 64, 10, 61, 27, 85, 40, 45, 37, 30, 15, 19, 47, 33, 52, 31, 36, 69, 19, 47, 13, 61, 31, 45, 46, 65, 11, 85, 10, 55, 26, 23, 89, 28, 24, 29, 0, 57, 55, 13, 17, 39, 54, 58, 70, 27, 87, 56, 46, 81, 75, 37, 89, 33, 18, 24, 24, 26, 89, 74, 84, 77, 80, 11, 88, 57, 42, 35, 57, 62, 14, 23, 39, 80, 74, 67, 43, 58, 87, 10, 80, 28]
75 [96,451] 52 Distance: [34, 82, 68, 66, 44, 48, 27, 54, 28, 33, 71, 53, 78, 25, 17, 64, 40, 68, 22, 85, 29, 12, 81, 17, 83, 73, 67, 32, 71, 41, 22, 67, 83, 59, 88, 26, 22, 12, 80, 43, 17, 66, 53, 14, 68, 37, 37, 70, 60, 44, 11, 22, 64, 23, 24, 16, 75, 77, 39, 75, 45, 82, 70, 74, 22, 40, 13, 74, 64, 82, 20, 57, 17, 26, 57, 0, 71, 39, 62, 19, 43, 46, 65, 84, 17, 37, 72, 68, 75, 41, 58, 87, 27, 14, 19, 83, 26, 54, 75, 64, 40, 13, 88, 62, 13, 79, 42, 83, 62, 38, 36, 32, 27, 20, 27, 63, 70, 26, 54, 43]
76 [6,237] 15 Distance: [48, 38, 53, 14, 16, 71, 41, 11, 86, 10, 13, 32, 79, 80, 34, 66, 42, 83, 23, 23, 28, 44, 82, 21, 71, 72, 83, 56, 24, 10, 63, 50, 18, 67, 28, 48, 39, 84, 17, 73, 57, 19, 66, 84, 46, 66, 75, 74, 18, 63, 37, 56, 79, 62, 57, 48, 23, 10, 85, 17, 68, 11, 72, 33, 31, 73, 59, 57, 45, 21, 39, 66, 28, 55, 55, 71, 0, 46, 67, 53, 43, 25, 48, 15, 76, 32, 48, 51, 74, 68, 59, 32, 75, 62, 11, 64, 89, 52, 88, 79, 26, 72, 79, 73, 30, 10, 78, 33, 84, 30, 46, 15, 40, 72, 13, 49, 29, 20, 56, 66]
77 [58,346] 11 Distance: [82, 33, 31, 38, 40, 46, 72, 72, 53, 50, 85, 19, 56, 16, 81, 80, 81, 53, 41, 78, 50, 52, 45, 65, 56, 43, 35, 49, 50, 44, 89, 72, 59, 70, 52, 77, 13, 13, 37, 39, 14, 16, 12, 71, 70, 37, 84, 41, 86, 27, 44, 63, 32, 43, 20, 52, 82, 55, 48, 53, 41, 72, 11, 65, 27, 85, 89, 58, 17, 73, 23, 45, 61, 30, 13, 39, 46, 0, 19, 34, 49, 23, 85, 78, 67, 86, 82, 46, 31, 18, 22, 68, 65, 81, 69, 83, 68, 30, 67, 79, 79, 10, 67, 13, 75, 30, 26, 25, 81, 11, 62, 39, 37, 18, 16, 65, 89, 80, 35, 79]
78 [7,131] 60 Distance: [43, 82, 32, 15, 47, 72, 21, 70, 66, 26, 22, 83, 28, 15, 55, 55, 14, 69, 61, 15, 38, 50, 72, 85, 58, 49, 77, 54, 13, 58, 87, 19, 35, 25, 77, 87, 66, 69, 38, 41, 66, 78, 15, 16, 53, 78, 76, 73, 84, 84, 14, 53, 51, 35, 58, 51, 52, 61, 25, 64, 76, 36, 13, 26, 46, 39, 60, 86, 85, 13, 88, 36, 19, 21, 17, 62, 67, 19, 0, 63, 49, 89, 52, 80, 70, 89, 85, 50, 81, 14, 52, 40, 60, 31, 11, 44, 57, 70, 21, 34, 84, 16, 70, 25, 53, 32, 42, 51, 82, 64, 43, 14, 33, 37, 28, 78, 59, 13, 50, 25]
79 [86,233] 86 Distance: [14, 36, 88, 57, 29, 76, 79, 16, 58, 23, 69, 77, 26, 32, 26, 74, 10, 69, 22, 47, 63, 48, 43, 32, 85, 25, 17, 51, 69, 76, 64, 32, 87, 17, 80, 27, 83, 46, 23, 45, 69, 60, 31, 48, 19, 47, 14, 77, 58, 22, 23, 36, 87, 23, 79, 85, 68, 46, 70, 67, 32, 71, 25, 54, 13, 30, 20, 12, 88, 41, 62, 51, 41, 24, 39, 19, 53, 34, 63, 0, 12, 24, 19, 63, 71, 64, 38, 52, 87, 23, 42, 76, 80, 44, 51, 34, 35, 73, 78, 52, 48, 27, 70, 30, 22, 15, 63, 65, 54, 38, 32, 32, 38, 52, 78, 71, 17, 27, 19, 73]
80 [39,108] 59 Distance: [26, 85, 25, 83, 30, 60, 80, 20, 21, 15, 45, 22, 80, 76, 53, 47, 40, 25, 75, 70, 85, 89, 21, 70, 65, 36, 28, 23, 10, 59, 85, 77, 65, 33, 31, 33, 45, 15, 88, 51, 45, 64, 20, 17, 89, 15, 73, 89, 65, 87, 89, 78, 17, 18, 68, 64, 36, 36, 55, 45, 79, 48, 39, 20, 26, 18, 28, 50, 43, 61, 43, 59, 45, 28, 54, 43, 43, 49, 49, 12, 0, 11, 31, 45, 84, 35, 38, 82, 83, 81, 78, 18, 32, 14, 10, 69, 19, 67, 59, 83, 12, 42, 55, 34, 57, 49, 88, 42, 84, 13, 19, 37, 61, 26, 52, 18, 31, 80, 67, 24]
81 [184,309] 87 Distance: [18, 80, 49, 83, 30, 38, 37, 84, 10, 59, 47, 28, 31, 21, 25, 65, 50, 23, 17, 35, 51, 13, 66, 62, 28, 18, 41, 68, 81, 50, 19, 19, 89, 25, 45, 38, 51, 89, 18, 13, 27, 41, 80, 70, 49, 41, 48, 72, 14, 53, 47, 38, 60, 68, 23, 77, 24, 28, 17, 53, 11, 84, 38, 32, 65, 56, 30, 45, 40, 86, 77, 22, 64, 54, 58, 46, 25, 23, 89, 24, 11, 0, 17, 82, 85, 39, 59, 17, 81, 11, 51, 13, 76, 42, 19, 11, 68, 60, 73, 17, 22, 11, 11, 30, 45, 64, 68, 72, 24, 12, 64, 13, 86, 88, 48, 43, 64, 68, 26, 27]
82 [14,462] 71 Distance: [33, 19, 19, 20, 19, 13, 22, 79, 45, 37, 47, 17, 12, 47, 85, 52, 50, 77, 21, 70, 43, 42, 68, 28, 25, 29, 50, 73, 69, 86, 60, 82, 81, 17, 47, 70, 25, 82, 25, 17, 33, 37, 45, 69, 22, 50, 21, 75, 63, 55, 35, 30, 45, 59, 84, 75, 44, 76, 85, 44, 68, 63, 64, 57, 38, 34, 19, 19, 32, 40, 18, 81, 12, 73, 70, 65, 48, 85, 52, 19, 31, 17, 0, 67, 28, 80, 23, 56, 25, 43, 13, 66, 19, 35, 59, 20, 52, 62, 58, 76, 88, 36, 56, 80, 81, 26, 13, 19, 22, 83, 63, 68, 75, 79, 33, 84, 28, 30, 38, 82]
83 [7,213] 53 Distance: [76, 19, 80, 18, 80, 36, 66, 84, 17, 41, 41, 40, 66, 16, 84, 71, 39, 81, 21, 73, 18, 74, 54, 34, 63, 36, 43, 16, 84, 57, 68, 41, 68, 14, 16, 53, 49, 71, 20, 79, 87, 67, 56, 81, 86, 59, 45, 60, 25, 18, 62, 16, 64, 87, 23, 13, 74, 60, 35, 41, 73, 32, 33, 25, 35, 20, 88, 78, 18, 65, 55, 22, 68, 51, 27, 84, 15, 78, 80, 63, 45, 82, 67, 0, 36, 70, 35, 68, 42, 13, 51, 52, 42, 19, 84, 21, 34, 62, 30, 80, 19, 52, 20, 79, 87, 31, 83, 21, 34, 32, 55, 73, 64, 51, 45, 29, 46, 74, 83, 15]
84 [146,429] 20 Distance: [73, 40, 78, 80, 28, 31, 66, 53, 50, 65, 22, 16, 17, 44, 10, 54, 19, 67, 75, 84, 58, 27, 58, 51, 25, 32, 10, 67, 43, 64, 36, 59, 60, 18, 19, 37, 11, 49, 63, 50, 39, 81, 35, 50, 36, 27, 25, 89, 35, 19, 34, 71, 72, 36, 78, 32, 53, 85, 27, 61, 11, 37, 71, 43, 24, 13, 78, 73, 73, 36, 19, 85, 41, 44, 87, 17, 76, 67, 70, 71, 84, 85, 28, 36, 0, 85, 56, 76, 43, 49, 77, 16, 27, 81, 89, 47, 60, 70, 47, 54, 30, 14, 39, 10, 71, 42, 16, 18, 21, 11, 64, 65, 47, 12, 57, 32, 86, 41, 75, 75]
85 [103,106] 66 Distance: [27, 85, 23, 13, 36, 13, 10, 27, 38, 65, 83, 33, 88, 26, 63, 45, 89, 29, 71, 87, 19, 87, 62, 34, 62, 88, 29, 45, 84, 49, 17, 53, 36, 77, 42, 89, 39, 16, 75, 43, 20, 49, 33, 34, 51, 10, 25, 76, 49, 46, 72, 16, 19, 27, 61, 51, 47, 66, 28, 84, 23, 87, 27, 53, 21, 70, 21, 40, 42, 11, 17, 52, 35, 80, 56, 37, 32, 86, 89, 64, 35, 39, 80, 70, 85, 0, 13, 61, 64, 50, 82, 41, 39, 63, 56, 64, 16, 71, 82, 15, 81, 89, 78, 10, 83, 36, 12, 18, 76, 54, 74, 82, 89, 30, 30, 57, 24, 51, 78, 34]
86 [103,112] 4 Distance: [37, 64, 70, 84, 14, 18, 56, 51, 32, 60, 57, 46, 10, 42, 84, 46, 25, 48, 31, 73, 19, 81, 80, 12, 88, 72, 24, 80, 60, 69, 77, 18, 42, 20, 30, 63, 81, 39, 78, 20, 16, 15, 28, 44, 39, 42, 76, 69, 68, 36, 15, 40, 84, 27, 56, 33, 28, 80, 61, 21, 78, 69, 84, 44, 81, 22, 38, 38, 21, 35, 48, 23, 77, 86, 46, 72, 48, 82, 85, 38, 38, 59, 23, 35, 56, 13, 0, 64, 77, 31, 62, 13, 33, 88, 52, 76, 27, 82, 78, 31, 52, 78, 37, 45, 18, 51, 71, 41, 79, 67, 20, 61, 33, 25, 25, 52, 24, 82, 19, 17]
87 [73,142] 30 Distance: [19, 32, 25, 15, 56, 20, 78, 65, 49, 53, 64, 40, 58, 41, 42, 25, 24, 19, 82, 37, 78, 35, 77, 56, 83, 71, 47, 75, 10, 30, 43, 47, 72, 75, 37, 60, 57, 46, 51, 37, 13, 30, 27, 68, 38, 55, 74, 22, 71, 73, 14, 64, 86, 27, 26, 74, 21, 29, 56, 50, 39, 55, 89, 86, 43, 61, 83, 55, 43, 43, 56, 70, 30, 31, 81, 68, 51, 46, 50, 52, 82, 17, 56, 68, 76, 61, 64, 0, 23, 53, 53, 63, 26, 31, 69, 53, 38, 15, 64, 53, 62, 11, 14, 82, 17, 14, 48, 28, 48, 46, 86, 42, 61, 62, 45, 82, 32, 61, 37, 71]
88 [54,236] 61 Distance: [70, 19, 38, 19, 10, 21, 83, 43, 36, 80, 65, 70, 69, 77, 60, 75, 10, 50, 70, 82, 46, 23, 69, 11, 23, 60, 84, 72, 50, 70, 68, 20, 53, 70, 71, 16, 55, 59, 53, 85, 16, 82, 69, 82, 71, 45, 67, 19, 29, 63, 42, 89, 29, 86, 39, 32, 40, 57, 20, 17, 65, 13, 45, 62, 63, 22, 77, 69, 36, 24, 43, 33, 64, 64, 75, 75, 74, 31, 81, 87, 83, 81, 25, 42, 43, 64, 77, 23, 0, 51, 40, 49, 32, 61, 51, 72, 49, 44, 47, 40, 89, 11, 57, 58, 71, 19, 15, 48, 25, 30, 80, 27, 82, 38, 78, 42, 71, 12, 50, 44]
89 [37,264] 61 Distance: [45, 68, 86, 49, 12, 79, 36, 60, 15, 30, 13, 38, 30, 71, 71, 25, 12, 38, 64, 68, 24, 89, 65, 11, 22, 49, 75, 79, 12, 78, 40, 63, 69, 28, 17, 64, 36, 68, 13, 13, 70, 56, 45, 28, 82, 85, 37, 70, 44, 26, 61, 86, 40, 61, 54, 16, 26, 84, 13, 20, 24, 41, 82, 67, 14, 48, 86, 51, 76, 63, 37, 49, 77, 18, 37, 41, 68, 18, 14, 23, 81, 11, 43, 13, 49, 50, 31, 53, 51, 0, 87, 37, 45, 54, 21, 63, 39, 81, 35, 49, 38, 42, 76, 64, 27, 61, 14, 78, 28, 44, 67, 28, 74, 24, 59, 17, 80, 51, 87, 83]
90 [63,252] 11 Distance: [53, 45, 13, 65, 16, 34, 34, 14, 74, 28, 65, 17, 47, 29, 38, 21, 80, 86, 85, 50, 76, 55, 27, 55, 34, 19, 41, 23, 71, 56, 23, 10, 40, 60, 16, 18, 83, 70, 62, 59, 38, 15, 60, 75, 73, 40, 21, 86, 75, 25, 45, 31, 79, 73, 38, 57, 56, 17, 57, 41, 22, 14, 71, 88, 33, 69, 25, 19, 38, 39, 58, 63, 86, 22, 89, 58, 59, 22, 52, 42, 78, 51, 13, 51, 77, 82, 62, 53, 40, 87, 0, 71, 60, 20, 17, 23, 89, 81, 51, 30, 35, 15, 57, 70, 59, 85, 17, 23, 59, 45, 36, 25, 87, 31, 32, 83, 81, 23, 48, 85]
91 [223,456] 31 Distance: [42, 65, 69, 40, 25, 16, 65, 19, 56, 22, 55, 78, 34, 30, 34, 16, 15, 12, 16, 89, 12, 38, 46, 75, 39, 85, 26, 49, 62, 69, 15, 63, 26, 32, 70, 82, 63, 38, 85, 50, 84, 75, 27, 82, 51, 35, 19, 66, 54, 25, 64, 18, 83, 63, 61, 46, 74, 84, 10, 84, 63, 69, 62, 85, 11, 18, 52, 33, 54, 30, 74, 46, 66, 55, 33, 87, 32, 68, 40, 76, 18, 13, 66, 52, 16, 41, 13, 63, 49, 37, 71, 0, 12, 69, 38, 78, 89, 66, 27, 27, 13, 26, 78, 45, 36, 26, 72, 86, 30, 70, 81, 47, 87, 23, 43, 73, 21, 64, 27, 78]
92 [6,450] 5 Distance: [65, 58, 30, 36, 35, 77, 89, 59, 82, 31, 52, 69, 40, 85, 60, 12, 32, 84, 60, 21, 50, 38, 46, 48, 88, 66, 35, 62, 17, 73, 72, 49, 21, 68, 77, 66, 40, 64, 54, 28, 13, 58, 20, 11, 59, 13, 60, 31, 13, 11, 71, 17, 43, 34, 26, 34, 22, 62, 46, 30, 49, 44, 49, 86, 84, 22, 79, 68, 76, 16, 83, 78, 18, 79, 18, 27, 75, 65, 60, 80, 32, 76, 19, 42, 27, 39, 33, 26, 32, 45, 60, 12, 0, 58, 28, 40, 51, 41, 70, 44, 45, 70, 85, 39, 44, 22, 17, 67, 88, 38, 70, 19, 39, 71, 84, 36, 57, 22, 32, 69]
93 [39,379] 55 Distance: [44, 86, 59, 26, 53, 36, 18, 45, 73, 51, 62, 35, 39, 72, 20, 27, 46, 15, 32, 16, 77, 83, 44, 75, 37, 70, 74, 14, 55, 75, 30, 84, 73, 10, 42, 29, 29, 43, 19, 80, 58, 79, 48, 20, 85, 84, 17, 35, 71, 20, 11, 68, 70, 69, 32, 13, 43, 88, 40, 29, 47, 11, 29, 63, 42, 88, 69, 35, 52, 38, 59, 63, 73, 57, 24, 14, 62, 81, 31, 44, 14, 42, 35, 19, 81, 63, 88, 31, 61, 54, 20, 69, 58, 0, 64, 10, 43, 83, 15, 71, 77, 29, 29, 79, 30, 23, 70, 88, 49, 41, 31, 57, 13, 55, 68, 46, 89, 12, 79, 74]
94 [29,218] 15 Distance: [77, 23, 11, 40, 58, 18, 28, 19, 76, 41, 89, 73, 51, 77, 82, 45, 41, 43, 72, 65, 55, 48, 26, 85, 10, 35, 17, 49, 46, 83, 60, 82, 44, 37, 63, 21, 16, 36, 24, 33, 54, 74, 39, 24, 69, 18, 61, 26, 21, 82, 70, 74, 62, 42, 41, 50, 18, 84, 62, 18, 86, 78, 36, 62, 89, 10, 48, 68, 22, 74, 26, 61, 25, 14, 24, 19, 11, 69, 11, 51, 10, 19, 59, 84, 89, 56, 52, 69, 51, 21, 17, 38, 28, 64, 0, 35, 31, 39, 76, 45, 72, 67, 43, 68, 76, 25, 43, 14, 67, 24, 49, 48, 27, 78, 19, 58, 54, 87, 40, 32]
95 [217,377] 45 Distance: [80, 50, 83, 86, 28, 85, 49, 53, 20, 83, 62, 12, 26, 44, 87, 86, 74, 59, 70, 22, 18, 70, 56, 77, 53, 72, 54, 46, 26, 34, 17, 44, 36, 34, 33, 65, 50, 54, 32, 35, 48, 72, 24, 66, 48, 57, 65, 61, 55, 30, 59, 73, 34, 80, 77, 30, 73, 55, 17, 30, 82, 72, 18, 71, 83, 65, 39, 40, 87, 40, 49, 79, 46, 69, 26, 83, 64, 83, 44, 34, 69, 11, 20, 21, 47, 64, 76, 53, 72, 63, 23, 78, 40, 10, 35, 0, 46, 19, 79, 85, 24, 18, 76, 86, 38, 78, 61, 80, 87, 69, 59, 47, 41, 66, 59, 20, 47, 23, 20, 81]
96 [178,425] 10 Distance: [46, 13, 33, 14, 35, 89, 83, 59, 61, 25, 84, 63, 42, 86, 51, 51, 84, 30, 61, 83, 28, 79, 25, 18, 58, 83, 81, 35, 67, 68, 32, 56, 85, 71, 58, 12, 29, 28, 76, 50, 36, 45, 67, 64, 53, 74, 74, 44, 88, 11, 52, 74, 12, 60, 10, 54, 80, 79, 51, 52, 42, 38, 63, 41, 86, 54, 54, 73, 24, 82, 82, 39, 43, 13, 89, 26, 89, 68, 57, 35, 19, 68, 52, 34, 60, 16, 27, 38, 49, 39, 89, 89, 51, 43, 31, 46, 0, 29, 25, 11, 85, 80, 24, 73, 31, 59, 58, 47, 32, 27, 35, 80, 66, 12, 34, 12, 31, 69, 43, 78]
97 [168,419] 7 Distance: [23, 34, 77, 43, 18, 66, 45, 11, 33, 13, 40, 80, 18, 28, 75, 49, 34, 37, 54, 53, 46, 43, 68, 37, 35, 21, 70, 88, 35, 74, 53, 56, 48, 22, 29, 33, 30, 32, 40, 62, 71, 36, 14, 77, 39, 12, 22, 63, 78, 30, 22, 33, 86, 67, 64, 74, 87, 64, 89, 59, 50, 84, 45, 77, 20, 81, 30, 71, 89, 81, 68, 86, 24, 74, 74, 54, 52, 30, 70, 73, 67, 60, 62, 62, 70, 71, 82, 15, 44, 81, 81, 66, 41, 83, 39, 19, 29, 0, 31, 15, 60, 27, 17, 83, 47, 26, 21, 32, 43, 83, 52, 28, 39, 32, 29, 18, 76, 64, 77, 58]
98 [110,274] 69 Distance: [73, 15, 22, 82, 73, 26, 34, 49, 52, 28, 40, 31, 60, 32, 50, 87, 19, 12, 61, 16, 52, 65, 24, 85, 32, 41, 55, 24, 29, 56, 40, 10, 74, 41, 18, 79, 78, 33, 42, 22, 86, 31, 50, 27, 26, 54, 50, 16, 41, 67, 17, 33, 60, 89, 63, 57, 84, 19, 85, 73, 16, 15, 70, 45, 68, 54, 66, 67, 50, 18, 60, 77, 54, 69, 84, 75, 88, 67, 21, 78, 59, 73, 58, 30, 47, 82, 78, 64, 47, 35, 51, 27, 70, 15, 76, 79, 25, 31, 0, 54, 26, 42, 70, 55, 63, 60, 72, 88, 40, 73, 81, 77, 47, 75, 68, 83, 73, 15, 41, 56]
99 [68,448] 17 Distance: [73, 21, 42, 11, 64, 27, 73, 65, 89, 77, 28, 25, 78, 19, 81, 68, 49, 68, 22, 18, 45, 11, 82, 14, 15, 22, 68, 27, 27, 37, 70, 52, 63, 22, 35, 85, 29, 73, 38, 28, 69, 11, 45, 17, 44, 74, 82, 27, 69, 12, 53, 69, 47, 71, 39, 18, 19, 75, 83, 18, 26, 83, 63, 24, 75, 50, 47, 49, 74, 85, 70, 21, 47, 80, 77, 64, 79, 79, 34, 52, 83, 17, 76, 80, 54, 15, 31, 53, 40, 49, 30, 27, 44, 71, 45, 85, 11, 15, 54, 0, 32, 77, 14, 71, 15, 63, 72, 79, 39, 81, 55, 32, 63, 19, 23, 49, 88, 13, 19, 64]
100 [197,351] 36 Distance: [53, 50, 87, 23, 16, 87, 86, 16, 45, 59, 55, 45, 43, 15, 18, 41, 59, 89, 77, 55, 16, 64, 71, 13, 48, 32, 80, 36, 52, 39, 88, 70, 57, 73, 45, 63, 27, 34, 33, 71, 57, 78, 42, 54, 48, 71, 50, 77, 63, 39, 43, 27, 83, 70, 11, 21, 88, 65, 54, 27, 86, 16, 86, 64, 21, 82, 37, 16, 70, 53, 71, 56, 74, 13, 80, 40, 26, 79, 84, 48, 12, 22, 88, 19, 30, 81, 52, 62, 89, 38, 35, 13, 45, 77, 72, 24, 85, 60, 26, 32, 0, 78, 80, 20, 23, 10, 21, 71, 55, 52, 68, 28, 36, 54, 35, 42, 45, 12, 73, 81]
101 [231,309] 75 Distance: [41, 23, 18, 28, 70, 63, 38, 14, 61, 64, 58, 12, 12, 89, 67, 63, 29, 84, 68, 30, 83, 89, 86, 20, 38, 65, 57, 78, 14, 63, 14, 17, 50, 45, 76, 22, 29, 56, 71, 21, 68, 44, 64, 77, 72, 64, 20, 16, 58, 51, 43, 60, 48, 23, 63, 71, 21, 79, 54, 69, 84, 23, 18, 38, 37, 69, 42, 81, 52, 65, 66, 10, 85, 39, 11, 13, 72, 10, 16, 27, 42, 11, 36, 52, 14, 89, 78, 11, 11, 42, 15, 26, 70, 29, 67, 18, 80, 27, 42, 77, 78, 0, 86, 72, 46, 87, 52, 82, 81, 52, 52, 44, 21, 73, 40, 83, 73, 27, 79, 81]
102 [22,103] 76 Distance: [45, 84, 55, 86, 77, 49, 85, 20, 36, 73, 39, 23, 39, 88, 27, 28, 37, 34, 49, 66, 44, 56, 43, 79, 47, 83, 57, 28, 71, 64, 49, 71, 16, 87, 74, 33, 76, 35, 44, 77, 55, 17, 67, 66, 85, 68, 78, 42, 47, 37, 34, 47, 64, 51, 53, 46, 74, 72, 51, 20, 58, 42, 45, 50, 49, 40, 41, 52, 74, 52, 65, 44, 14, 12, 88, 88, 79, 67, 70, 70, 55, 11, 56, 20, 39, 78, 37, 14, 57, 76, 57, 78, 85, 29, 43, 76, 24, 17, 70, 14, 80, 86, 0, 51, 14, 32, 16, 88, 76, 67, 89, 58, 69, 44, 10, 47, 48, 84, 54, 10]
103 [109,364] 22 Distance: [33, 26, 50, 60, 11, 22, 37, 86, 14, 44, 16, 16, 63, 57, 67, 69, 79, 19, 23, 52, 71, 88, 38, 14, 15, 64, 33, 71, 21, 79, 80, 18, 70, 68, 83, 52, 48, 28, 47, 12, 46, 18, 73, 79, 76, 66, 73, 38, 15, 87, 87, 15, 42, 16, 19, 12, 58, 43, 15, 31, 83, 31, 21, 33, 85, 21, 18, 36, 52, 29, 15, 34, 75, 80, 57, 62, 73, 13, 25, 30, 34, 30, 80, 79, 10, 10, 45, 82, 58, 64, 70, 45, 39, 79, 68, 86, 73, 83, 55, 71, 20, 72, 51, 0, 15, 38, 23, 24, 80, 19, 78, 88, 16, 51, 43, 56, 43, 89, 40, 25]
104 [71,81] 70 Distance: [13, 13, 10, 33, 86, 28, 34, 18, 54, 17, 71, 15, 63, 69, 26, 85, 29, 39, 51, 36, 29, 78, 37, 72, 66, 65, 56, 84, 29, 84, 62, 85, 73, 75, 28, 48, 18, 64, 19, 22, 68, 53, 66, 34, 38, 19, 50, 29, 61, 63, 79, 26, 35, 47, 55, 10, 89, 73, 12, 27, 48, 53, 51, 42, 77, 70, 16, 35, 45, 67, 43, 48, 29, 52, 42, 13, 30, 75, 53, 22, 57, 45, 81, 87, 71, 83, 18, 17, 71, 27, 59, 36, 44, 30, 76, 38, 31, 47, 63, 15, 23, 46, 14, 15, 0, 62, 33, 63, 30, 14, 24, 45, 22, 33, 72, 30, 52, 89, 15, 71]
105 [12,99] 37 Distance: [19, 12, 10, 30, 27, 52, 74, 40, 11, 31, 19, 58, 17, 77, 43, 51, 74, 14, 46, 42, 26, 46, 65, 56, 84, 73, 21, 83, 58, 67, 59, 78, 44, 73, 59, 31, 79, 31, 33, 19, 43, 15, 57, 68, 30, 50, 30, 86, 31, 73, 29, 37, 61, 28, 47, 81, 21, 24, 35, 42, 16, 32, 13, 88, 70, 36, 65, 47, 67, 73, 75, 37, 83, 45, 35, 79, 10, 30, 32, 15, 49, 64, 26, 31, 42, 36, 51, 14, 19, 61, 85, 26, 22, 23, 25, 78, 59, 26, 60, 63, 10, 87, 32, 38, 62, 0, 23, 49, 43, 34, 43, 48, 84, 84, 59, 75, 38, 11, 80, 87]
106 [109,231] 19 Distance: [70, 33, 45, 12, 69, 84, 28, 88, 15, 89, 44, 54, 81, 44, 24, 18, 22, 56, 62, 52, 75, 85, 34, 68, 54, 31, 53, 55, 40, 89, 13, 40, 52, 63, 72, 63, 35, 46, 22, 64, 38, 34, 28, 15, 76, 45, 14, 78, 87, 75, 35, 82, 48, 34, 28, 67, 10, 27, 39, 32, 39, 33, 47, 42, 63, 24, 69, 79, 64, 14, 83, 83, 23, 47, 57, 42, 78, 26, 42, 63, 88, 68, 13, 83, 16, 12, 71, 48, 15, 14, 17, 72, 17, 70, 43, 61, 58, 21, 72, 72, 21, 52, 16, 23, 33, 23, 0, 89, 83, 11, 12, 47, 72, 11, 69, 25, 21, 44, 35, 22]
107 [78,435] 44 Distance: [67, 74, 15, 45, 79, 12, 86, 53, 18, 67, 31, 69, 33, 36, 81, 69, 30, 25, 82, 76, 88, 56, 41, 41, 13, 84, 56, 81, 68, 33, 85, 16, 61, 86, 27, 42, 88, 21, 38, 15, 27, 69, 24, 22, 35, 45, 46, 21, 29, 21, 12, 14, 58, 25, 30, 66, 80, 56, 67, 79, 70, 48, 18, 70, 66, 87, 49, 72, 82, 72, 77, 58, 78, 45, 62, 83, 33, 25, 51, 65, 42, 72, 19, 21, 18, 18, 41, 28, 48, 78, 23, 86, 67, 88, 14, 80, 47, 32, 88, 79, 71, 82, 88, 24, 63, 49, 89, 0, 75, 28, 65, 57, 29, 27, 51, 86, 88, 15, 56, 58]
108 [69,413] 83 Distance: [11, 13, 73, 57, 19, 60, 68, 12, 54, 49, 19, 51, 47, 25, 40, 17, 89, 16, 49, 69, 87, 23, 82, 79, 85, 86, 88, 31, 10, 54, 49, 77, 62, 14, 10, 23, 26, 17, 81, 21, 64, 25, 12, 61, 74, 35, 43, 19, 16, 63, 21, 14, 10, 73, 17, 74, 36, 71, 26, 26, 67, 39, 40, 42, 35, 56, 28, 85, 81, 58, 18, 82, 75, 12, 14, 62, 84, 81, 82, 54, 84, 24, 22, 34, 21, 76, 79, 48, 25, 28, 59, 30, 88, 49, 67, 87, 32, 43, 40, 39, 55, 81, 76, 80, 30, 43, 83, 75, 0, 16, 48, 62, 52, 22, 54, 20, 19, 37, 46, 26]
109 [171,437] 35 Distance: [22, 78, 44, 77, 51, 45, 36, 75, 53, 14, 84, 25, 64, 16, 23, 23, 55, 56, 30, 16, 61, 31, 36, 78, 80, 38, 32, 16, 76, 85, 70, 16, 56, 55, 56, 58, 39, 81, 42, 33, 89, 60, 84, 86, 74, 42, 49, 60, 14, 18, 20, 69, 75, 83, 40, 44, 77, 34, 50, 57, 63, 30, 51, 26, 84, 26, 76, 38, 76, 17, 29, 22, 67, 41, 23, 38, 30, 11, 64, 38, 13, 12, 83, 32, 11, 54, 67, 46, 30, 44, 45, 70, 38, 41, 24, 69, 27, 83, 73, 81, 52, 52, 67, 19, 14, 34, 11, 28, 16, 0, 29, 44, 83, 85, 56, 22, 63, 48, 25, 21]
110 [95,326] 44 Distance: [63, 49, 80, 76, 89, 66, 41, 41, 32, 56, 51, 29, 35, 36, 15, 33, 60, 74, 86, 53, 88, 56, 10, 23, 32, 71, 84, 34, 69, 71, 29, 71, 58, 45, 44, 12, 27, 18, 81, 51, 78, 29, 21, 12, 71, 22, 66, 57, 23, 79, 65, 63, 18, 19, 56, 65, 16, 69, 67, 74, 46, 60, 69, 88, 49, 17, 32, 27, 60, 77, 67, 78, 27, 22, 39, 36, 46, 62, 43, 32, 19, 64, 63, 55, 64, 74, 20, 86, 80, 67, 36, 81, 70, 31, 49, 59, 35, 52, 81, 55, 68, 52, 89, 78, 24, 43, 12, 65, 48, 29, 0, 45, 28, 24, 13, 41, 87, 76, 28, 55]
111 [88,468] 23 Distance: [66, 12, 59, 87, 55, 33, 34, 24, 60, 15, 14, 38, 65, 54, 60, 37, 27, 85, 54, 44, 40, 39, 87, 20, 74, 50, 21, 47, 29, 15, 30, 55, 42, 48, 84, 37, 42, 67, 78, 48, 72, 71, 61, 87, 83, 84, 83, 74, 36, 44, 53, 40, 14, 54, 51, 10, 17, 26, 59, 57, 33, 82, 61, 18, 49, 68, 83, 10, 62, 13, 17, 11, 60, 69, 80, 32, 15, 39, 14, 32, 37, 13, 68, 73, 65, 82, 61, 42, 27, 28, 25, 47, 19, 57, 48, 47, 80, 28, 77, 32, 28, 44, 58, 88, 45, 48, 47, 57, 62, 44, 45, 0, 58, 88, 71, 13, 29, 17, 16, 30]
112 [21,367] 87 Distance: [60, 22, 69, 13, 60, 56, 69, 16, 62, 78, 31, 36, 44, 54, 88, 13, 69, 77, 77, 66, 29, 80, 31, 59, 66, 24, 30, 88, 74, 46, 84, 71, 85, 65, 37, 23, 63, 47, 66, 59, 50, 10, 27, 85, 53, 62, 38, 80, 49, 75, 18, 67, 14, 37, 38, 84, 89, 20, 58, 31, 48, 64, 37, 28, 58, 81, 37, 43, 50, 48, 17, 71, 13, 49, 74, 27, 40, 37, 33, 38, 61, 86, 75, 64, 47, 89, 33, 61, 82, 74, 87, 87, 39, 13, 27, 41, 66, 39, 47, 63, 36, 21, 69, 16, 22, 84, 72, 29, 52, 83, 28, 58, 0, 37, 59, 36, 36, 78, 47, 80]
113 [27,252] 8 Distance: [42, 25, 60, 33, 85, 12, 79, 68, 38, 15, 39, 63, 40, 37, 89, 82, 76, 14, 50, 32, 82, 64, 21, 58, 48, 62, 77, 82, 67, 27, 23, 72, 59, 22, 58, 31, 74, 68, 65, 40, 18, 61, 60, 38, 69, 31, 34, 11, 75, 81, 63, 27, 27, 52, 51, 41, 15, 89, 53, 77, 25, 43, 64, 42, 60, 26, 21, 58, 31, 23, 24, 69, 50, 11, 67, 20, 72, 18, 37, 52, 26, 88, 79, 51, 12, 30, 25, 62, 38, 24, 31, 23, 71, 55, 78, 66, 12, 32, 75, 19, 54, 73, 44, 51, 33, 84, 11, 27, 22, 85, 24, 88, 37, 0, 89, 67, 27, 36, 82, 42]
114 [60,168] 66 Distance: [67, 26, 83, 36, 36, 71, 70, 37, 71, 44, 56, 35, 40, 33, 69, 47, 16, 60, 59, 66, 50, 24, 48, 69, 51, 62, 32, 32, 18, 72, 70, 58, 47, 16, 40, 68, 23, 48, 59, 54, 55, 48, 24, 31, 75, 25, 13, 18, 80, 14, 61, 19, 80, 86, 86, 21, 58, 33, 34, 39, 41, 78, 86, 33, 63, 73, 76, 86, 57, 43, 14, 11, 61, 56, 43, 27, 13, 16, 28, 78, 52, 48, 33, 45, 57, 30, 25, 45, 78, 59, 32, 43, 84, 68, 19, 59, 34, 29, 68, 23, 35, 40, 10, 43, 72, 59, 69, 51, 54, 56, 13, 71, 59, 89, 0, 86, 16, 57, 61, 14]
115 [61,231] 15 Distance: [48, 10, 46, 88, 32, 29, 43, 46, 16, 63, 13, 25, 15, 86, 76, 62, 72, 47, 72, 55, 82, 61, 47, 35, 24, 11, 81, 15, 67, 36, 78, 53, 33, 26, 14, 42, 16, 48, 47, 41, 39, 75, 30, 18, 45, 64, 84, 72, 52, 70, 44, 41, 79, 65, 86, 33, 77, 21, 55, 84, 66, 34, 79, 13, 17, 86, 13, 42, 32, 88, 11, 70, 54, 45, 58, 63, 49, 65, 78, 71, 18, 43, 84, 29, 32, 57, 52, 82, 42, 17, 83, 73, 36, 46, 58, 20, 12, 18, 83, 49, 42, 83, 47, 56, 30, 75, 25, 86, 20, 22, 41, 13, 36, 67, 86, 0, 43, 37, 35, 80]
116 [183,329] 4 Distance: [24, 38, 56, 11, 58, 68, 15, 71, 11, 10, 60, 74, 64, 74, 42, 13, 86, 32, 14, 32, 87, 16, 30, 60, 70, 75, 49, 63, 35, 75, 50, 28, 82, 55, 76, 72, 22, 18, 69, 44, 84, 13, 66, 61, 76, 53, 40, 53, 66, 55, 15, 55, 19, 14, 47, 20, 78, 52, 23, 86, 75, 51, 24, 21, 18, 57, 62, 27, 66, 81, 57, 30, 26, 28, 87, 70, 29, 89, 59, 17, 31, 64, 28, 46, 86, 24, 24, 32, 71, 80, 81, 21, 57, 89, 54, 47, 31, 76, 73, 88, 45, 73, 48, 43, 52, 38, 21, 88, 19, 63, 87, 29, 36, 27, 16, 43, 0, 82, 56, 13]
117 [49,387] 16 Distance: [19, 82, 37, 17, 41, 78, 86, 24, 71, 72, 54, 33, 46, 79, 24, 43, 44, 87, 35, 82, 49, 43, 75, 20, 79, 23, 35, 33, 53, 70, 22, 63, 39, 43, 10, 41, 30, 50, 10, 52, 82, 54, 39, 32, 56, 66, 67, 12, 57, 57, 81, 83, 84, 57, 34, 85, 38, 78, 33, 51, 88, 37, 85, 54, 70, 86, 78, 60, 36, 80, 13, 17, 47, 66, 10, 26, 20, 80, 13, 27, 80, 68, 30, 74, 41, 51, 82, 61, 12, 51, 23, 64, 22, 12, 87, 23, 69, 64, 15, 13, 12, 27, 84, 89, 89, 11, 44, 15, 37, 48, 76, 17, 78, 36, 57, 37, 82, 0, 19, 13]
118 [91,238] 22 Distance: [18, 13, 84, 88, 60, 35, 29, 51, 65, 32, 18, 33, 13, 22, 13, 55, 42, 84, 49, 42, 89, 61, 64, 63, 50, 53, 39, 72, 16, 41, 32, 41, 69, 54, 50, 50, 46, 58, 68, 20, 31, 21, 54, 40, 36, 72, 27, 12, 27, 77, 83, 53, 88, 66, 13, 24, 28, 78, 55, 83, 28, 67, 50, 68, 57, 14, 41, 65, 48, 24, 30, 78, 41, 77, 80, 54, 56, 35, 50, 19, 67, 26, 38, 83, 75, 78, 19, 37, 50, 87, 48, 27, 32, 79, 40, 20, 43, 77, 41, 19, 73, 79, 54, 40, 15, 80, 35, 56, 46, 25, 28, 16, 47, 82, 61, 35, 56, 19, 0, 69]
119 [226,464] 57 Distance: [33, 62, 76, 55, 53, 63, 10, 23, 61, 29, 78, 56, 41, 40, 57, 31, 32, 61, 26, 37, 69, 21, 89, 20, 28, 37, 79, 71, 21, 31, 29, 41, 45, 89, 41, 18, 74, 34, 17, 25, 48, 34, 28, 82, 21, 15, 10, 78, 46, 51, 83, 73, 49, 30, 61, 39, 13, 87, 39, 10, 34, 57, 47, 72, 39, 11, 48, 66, 32, 25, 81, 78, 87, 47, 28, 43, 66, 79, 25, 73, 24, 27, 82, 15, 75, 34, 17, 71, 44, 83, 85, 78, 69, 74, 32, 81, 78, 58, 56, 64, 81, 81, 10, 25, 71, 87, 22, 58, 26, 21, 55, 30, 80, 42, 14, 80, 13, 13, 69, 0]
