0 [0,720] 0 Distance: [0, 39, 26, 19, 78, 71, 10, 23, 45, 33]
1 [162,258] 6 Distance: [39, 0, 41, 15, 39, 35, 45, 15, 20, 52]
2 [157,317] 15 Distance: [26, 41, 0, 61, 23, 80, 70, 43, 65, 33]
3 [135,279] 23 Distance: [19, 15, 61, 0, 48, 64, 63, 67, 48, 50]
4 [24,337] 42 Distance: [78, 39, 23, 48, 0, 62, 33, 73, 62, 20]
5 [137,440] 86 Distance: [71, 35, 80, 64, 62, 0, 16, 72, 56, 56]
6 [228,352] 21 Distance: [10, 45, 70, 63, 33, 16, 0, 56, 37, 45]
7 [142,393] 63 Distance: [23, 15, 43, 67, 73, 72, 56, 0, 16, 16]
8 [215,389] 25 Distance: [45, 20, 65, 48, 62, 56, 37, 16, 0, 68]
9 [126,194] 63 Distance: [33, 52, 33, 50, 20, 56, 45, 16, 68, 0]
