0 [0,720] 0 Distance: [0, 61, 43, 16, 85, 66, 17, 12, 57, 86, 88, 17, 79, 81, 34, 22, 49, 23, 10, 36, 80, 18, 19, 58, 75, 81, 30, 71, 68, 51, 44, 67, 25, 27, 26, 71, 13, 75, 29, 44, 71, 42, 27, 84, 23, 22, 43, 55, 77, 85, 42, 71, 63, 37, 11, 68, 46, 47, 63, 31, 71, 49, 11, 72, 55, 75, 58, 61, 40, 27, 20, 53, 18, 78, 16, 17, 42, 34, 14, 64, 45, 15, 15, 35, 63, 76, 51, 32, 72, 37, 33, 34, 64, 14, 25, 13, 64, 41, 36, 48]
1 [96,246] 89 Distance: [61, 0, 43, 20, 88, 28, 49, 43, 34, 58, 11, 46, 22, 46, 38, 38, 28, 80, 13, 75, 68, 61, 60, 26, 48, 83, 86, 22, 81, 12, 66, 89, 63, 36, 16, 37, 35, 40, 58, 12, 46, 13, 21, 72, 77, 58, 39, 88, 52, 68, 82, 55, 54, 68, 46, 10, 39, 86, 21, 22, 41, 33, 24, 76, 18, 78, 16, 51, 31, 39, 30, 48, 18, 45, 51, 19, 86, 38, 43, 65, 67, 17, 36, 10, 29, 39, 62, 71, 71, 32, 26, 82, 53, 15, 36, 33, 63, 11, 77, 32]
2 [191,409] 72 Distance: [43, 43, 0, 49, 27, 33, 42, 31, 30, 40, 52, 86, 52, 40, 54, 14, 28, 71, 23, 11, 42, 46, 19, 83, 20, 57, 44, 58, 74, 58, 27, 24, 49, 30, 33, 77, 58, 56, 14, 27, 51, 25, 29, 65, 25, 33, 42, 72, 40, 62, 65, 85, 34, 67, 37, 31, 55, 53, 89, 43, 39, 15, 78, 20, 17, 21, 58, 70, 23, 53, 49, 89, 33, 89, 51, 74, 26, 25, 82, 21, 58, 78, 61, 47, 17, 33, 62, 80, 29, 66, 13, 78, 25, 69, 63, 68, 18, 54, 31, 49]
3 [46,259] 61 Distance: [16, 20, 49, 0, 86, 29, 86, 29, 59, 13, 10, 23, 42, 54, 81, 25, 38, 10, 16, 13, 29, 13, 84, 41, 89, 37, 28, 69, 19, 65, 33, 29, 86, 38, 67, 34, 43, 84, 82, 27, 70, 72, 70, 74, 60, 59, 27, 57, 80, 87, 28, 50, 89, 73, 26, 62, 48, 66, 42, 85, 27, 71, 41, 36, 66, 89, 76, 13, 59, 47, 40, 88, 22, 63, 10, 72, 23, 27, 69, 24, 27, 72, 86, 67, 24, 58, 69, 67, 38, 12, 26, 18, 84, 28, 10, 28, 89, 34, 61, 22]
4 [142,438] 59 Distance: [85, 88, 27, 86, 0, 72, 16, 12, 39, 79, 69, 28, 20, 60, 28, 82, 58, 59, 34, 18, 36, 65, 37, 24, 13, 62, 71, 66, 15, 51, 82, 72, 58, 80, 85, 41, 64, 56, 45, 35, 29, 68, 63, 47, 20, 48, 33, 71, 36, 38, 72, 52, 73, 53, 60, 72, 79, 13, 88, 69, 82, 74, 30, 56, 65, 11, 71, 38, 32, 14, 88, 17, 44, 74, 16, 86, 74, 72, 62, 87, 57, 78, 47, 48, 54, 41, 37, 88, 29, 87, 35, 22, 29, 79, 53, 13, 37, 61, 60, 22]
5 [17,73] 15 Distance: [66, 28, 33, 29, 72, 0, 58, 78, 23, 24, 26, 68, 77, 87, 11, 86, 55, 70, 13, 88, 27, 10, 30, 82, 66, 12, 28, 31, 59, 74, 37, 37, 25, 60, 42, 11, 39, 30, 18, 28, 44, 78, 27, 39, 74, 52, 11, 64, 64, 41, 84, 71, 47, 21, 70, 19, 89, 57, 79, 26, 69, 54, 61, 63, 31, 88, 68, 57, 77, 50, 75, 44, 61, 23, 17, 23, 58, 34, 13, 57, 61, 83, 67, 80, 79, 23, 50, 48, 28, 66, 42, 76, 68, 44, 59, 52, 60, 69, 88, 59]
6 [199,368] 70 Distance: [17, 49, 42, 86, 16, 58, 0, 65, 70, 27, 51, 12, 70, 66, 39, 65, 21, 55, 37, 18, 89, 13, 71, 32, 66, 86, 29, 65, 28, 33, 56, 45, 17, 49, 37, 50, 72, 41, 68, 24, 62, 52, 51, 79, 15, 17, 12, 52, 33, 75, 25, 51, 14, 54, 15, 54, 28, 21, 46, 27, 26, 89, 35, 35, 73, 52, 23, 39, 68, 76, 56, 21, 14, 27, 82, 25, 23, 66, 58, 87, 10, 46, 39, 52, 54, 51, 77, 84, 87, 85, 23, 61, 80, 85, 16, 11, 40, 56, 47, 45]
7 [225,315] 89 Distance: [12, 43, 31, 29, 12, 78, 65, 0, 46, 84, 77, 45, 42, 83, 83, 13, 65, 42, 84, 45, 52, 67, 69, 41, 86, 55, 69, 14, 72, 40, 77, 77, 83, 25, 21, 88, 65, 49, 63, 58, 89, 36, 53, 68, 21, 50, 58, 17, 18, 12, 15, 10, 35, 64, 37, 70, 49, 22, 74, 89, 83, 18, 82, 46, 70, 58, 35, 47, 74, 18, 13, 65, 25, 83, 52, 76, 53, 74, 28, 24, 44, 44, 79, 84, 74, 87, 13, 31, 28, 68, 33, 41, 60, 89, 12, 84, 30, 27, 81, 36]
8 [98,477] 71 Distance: [57, 34, 30, 59, 39, 23, 70, 46, 0, 70, 48, 60, 85, 19, 34, 64, 12, 44, 16, 75, 86, 38, 31, 56, 28, 31, 45, 80, 56, 58, 54, 78, 81, 71, 47, 46, 50, 30, 80, 81, 74, 24, 15, 32, 12, 27, 71, 58, 54, 48, 24, 29, 14, 34, 71, 77, 24, 68, 38, 19, 69, 15, 31, 68, 54, 72, 41, 28, 62, 11, 29, 88, 69, 86, 83, 78, 57, 83, 53, 57, 14, 51, 53, 20, 22, 84, 10, 82, 60, 47, 86, 56, 58, 48, 19, 56, 59, 35, 75, 11]
9 [57,414] 34 Distance: [86, 58, 40, 13, 79, 24, 27, 84, 70, 0, 75, 23, 55, 42, 26, 34, 63, 56, 79, 49, 33, 63, 89, 26, 60, 86, 33, 64, 12, 12, 75, 82, 80, 69, 44, 33, 70, 62, 53, 75, 73, 45, 77, 25, 33, 58, 13, 49, 41, 52, 52, 41, 13, 33, 27, 57, 82, 86, 19, 11, 63, 79, 74, 66, 73, 44, 13, 36, 45, 25, 23, 54, 39, 40, 40, 82, 31, 76, 81, 23, 83, 21, 27, 14, 63, 19, 87, 52, 40, 40, 64, 89, 73, 63, 45, 67, 37, 19, 50, 63]
10 [33,307] 51 Distance: [88, 11, 52, 10, 69, 26, 51, 77, 48, 75, 0, 43, 78, 54, 22, 56, 47, 16, 40, 54, 86, 10, 72, 81, 15, 72, 36, 42, 40, 82, 63, 69, 65, 44, 12, 61, 79, 55, 57, 88, 61, 16, 86, 37, 16, 70, 49, 49, 22, 89, 63, 57, 10, 14, 40, 73, 22, 79, 64, 83, 69, 31, 46, 60, 67, 75, 43, 32, 36, 60, 24, 53, 46, 41, 12, 13, 85, 26, 25, 22, 33, 55, 26, 12, 77, 62, 75, 61, 62, 84, 85, 77, 14, 82, 52, 16, 68, 17, 87, 85]
11 [141,265] 54 Distance: [17, 46, 86, 23, 28, 68, 12, 45, 60, 23, 43, 0, 66, 33, 20, 18, 75, 18, 69, 89, 31, 86, 51, 42, 68, 62, 45, 35, 66, 32, 69, 19, 11, 58, 87, 28, 86, 81, 55, 86, 23, 82, 54, 64, 28, 41, 81, 81, 38, 80, 70, 44, 66, 63, 19, 19, 67, 18, 45, 83, 14, 88, 58, 77, 66, 87, 11, 84, 66, 61, 42, 34, 64, 18, 12, 53, 23, 25, 82, 39, 37, 85, 82, 11, 19, 40, 61, 51, 67, 55, 45, 31, 69, 41, 45, 47, 22, 30, 53, 42]
12 [84,160] 6 Distance: [79, 22, 52, 42, 20, 77, 70, 42, 85, 55, 78, 66, 0, 85, 77, 16, 71, 67, 21, 59, 72, 87, 53, 29, 71, 75, 71, 14, 89, 54, 71, 37, 15, 39, 81, 49, 43, 10, 24, 84, 47, 11, 35, 39, 33, 68, 19, 14, 74, 68, 79, 74, 78, 63, 32, 84, 23, 28, 56, 77, 58, 15, 45, 79, 11, 18, 36, 30, 43, 82, 89, 49, 31, 21, 42, 24, 61, 83, 67, 41, 80, 88, 69, 58, 74, 84, 47, 29, 25, 28, 78, 67, 50, 49, 32, 62, 26, 42, 69, 56]
13 [117,365] 40 Distance: [81, 46, 40, 54, 60, 87, 66, 83, 19, 42, 54, 33, 85, 0, 52, 65, 30, 89, 52, 88, 72, 73, 18, 38, 66, 83, 11, 17, 73, 49, 81, 73, 21, 42, 66, 79, 60, 21, 70, 81, 52, 24, 81, 67, 38, 49, 73, 11, 14, 65, 18, 88, 15, 64, 37, 32, 35, 33, 47, 69, 64, 19, 85, 19, 38, 32, 86, 57, 69, 70, 41, 50, 76, 79, 20, 31, 28, 80, 62, 51, 11, 75, 61, 74, 68, 32, 57, 22, 43, 87, 50, 39, 30, 83, 76, 86, 72, 67, 40, 47]
14 [38,417] 31 Distance: [34, 38, 54, 81, 28, 11, 39, 83, 34, 26, 22, 20, 77, 52, 0, 15, 58, 31, 25, 77, 73, 39, 52, 75, 86, 72, 77, 25, 76, 40, 64, 75, 46, 50, 43, 30, 89, 86, 43, 56, 85, 74, 54, 44, 87, 29, 84, 61, 38, 28, 10, 42, 72, 30, 68, 40, 25, 26, 31, 61, 40, 56, 32, 56, 29, 21, 20, 47, 10, 80, 69, 64, 14, 49, 70, 40, 32, 74, 60, 50, 30, 69, 88, 56, 81, 44, 37, 21, 28, 40, 75, 75, 18, 33, 29, 63, 82, 21, 53, 50]
15 [86,91] 63 Distance: [22, 38, 14, 25, 82, 86, 65, 13, 64, 34, 56, 18, 16, 65, 15, 0, 80, 20, 74, 43, 33, 23, 27, 16, 50, 48, 11, 68, 37, 29, 57, 74, 73, 23, 10, 23, 52, 55, 85, 38, 80, 87, 59, 53, 48, 22, 65, 12, 30, 85, 44, 30, 50, 63, 88, 72, 80, 54, 69, 22, 31, 40, 62, 85, 66, 81, 87, 35, 68, 89, 18, 82, 21, 14, 30, 12, 43, 44, 30, 49, 23, 73, 65, 75, 38, 78, 50, 34, 32, 63, 62, 44, 16, 75, 78, 76, 80, 78, 80, 75]
16 [13,454] 45 Distance: [49, 28, 28, 38, 58, 55, 21, 65, 12, 63, 47, 75, 71, 30, 58, 80, 0, 81, 20, 54, 52, 36, 89, 27, 25, 40, 28, 13, 20, 64, 66, 44, 40, 48, 86, 13, 37, 52, 30, 59, 74, 61, 89, 59, 36, 89, 84, 42, 53, 62, 28, 37, 16, 67, 61, 53, 17, 58, 73, 21, 57, 78, 21, 81, 23, 21, 13, 61, 83, 82, 88, 63, 67, 42, 86, 58, 32, 80, 37, 23, 19, 79, 67, 82, 57, 36, 62, 63, 86, 54, 39, 72, 38, 83, 38, 20, 46, 24, 54, 37]
17 [236,257] 59 Distance: [23, 80, 71, 10, 59, 70, 55, 42, 44, 56, 16, 18, 67, 89, 31, 20, 81, 0, 64, 76, 65, 29, 13, 10, 70, 30, 21, 57, 86, 29, 43, 89, 47, 18, 68, 12, 16, 31, 30, 15, 43, 58, 76, 36, 24, 89, 15, 29, 70, 89, 65, 39, 44, 43, 27, 65, 14, 76, 23, 71, 27, 47, 47, 15, 19, 25, 36, 31, 86, 88, 59, 25, 24, 17, 82, 85, 48, 69, 64, 57, 16, 79, 74, 39, 63, 12, 17, 83, 49, 72, 25, 64, 24, 33, 85, 86, 20, 42, 14, 34]
18 [120,266] 69 Distance: [10, 13, 23, 16, 34, 13, 37, 84, 16, 79, 40, 69, 21, 52, 25, 74, 20, 64, 0, 22, 14, 83, 25, 66, 15, 73, 26, 50, 74, 35, 16, 24, 89, 62, 48, 76, 85, 67, 21, 51, 69, 15, 38, 32, 55, 48, 65, 68, 74, 69, 38, 66, 70, 56, 83, 29, 57, 56, 71, 66, 14, 30, 68, 50, 12, 65, 38, 56, 72, 69, 27, 73, 56, 31, 30, 89, 38, 83, 68, 57, 77, 30, 34, 62, 34, 48, 57, 62, 82, 81, 64, 68, 84, 68, 60, 67, 43, 88, 61, 38]
19 [218,472] 64 Distance: [36, 75, 11, 13, 18, 88, 18, 45, 75, 49, 54, 89, 59, 88, 77, 43, 54, 76, 22, 0, 75, 11, 72, 54, 53, 74, 29, 69, 32, 20, 36, 23, 70, 12, 89, 16, 88, 13, 81, 88, 47, 40, 56, 43, 80, 40, 25, 78, 43, 23, 89, 28, 17, 57, 16, 78, 47, 54, 53, 72, 75, 38, 20, 32, 58, 20, 47, 10, 75, 69, 47, 79, 68, 18, 21, 77, 39, 64, 49, 55, 80, 81, 78, 12, 30, 68, 24, 85, 43, 55, 27, 72, 10, 44, 73, 74, 44, 42, 71, 49]
20 [165,257] 53 Distance: [80, 68, 42, 29, 36, 27, 89, 52, 86, 33, 86, 31, 72, 72, 73, 33, 52, 65, 14, 75, 0, 15, 26, 54, 24, 84, 50, 41, 11, 11, 63, 23, 34, 45, 27, 31, 11, 22, 62, 35, 16, 13, 64, 35, 71, 17, 12, 86, 56, 81, 65, 23, 89, 24, 82, 10, 38, 68, 13, 10, 28, 18, 25, 16, 84, 23, 72, 66, 45, 29, 12, 85, 50, 56, 70, 64, 27, 36, 25, 48, 47, 61, 77, 81, 86, 58, 80, 16, 13, 39, 55, 74, 67, 30, 34, 15, 16, 50, 61, 73]
21 [12,97] 74 Distance: [18, 61, 46, 13, 65, 10, 13, 67, 38, 63, 10, 86, 87, 73, 39, 23, 36, 29, 83, 11, 15, 0, 38, 39, 34, 19, 63, 33, 60, 88, 37, 71, 87, 26, 65, 20, 35, 59, 60, 42, 40, 11, 17, 19, 83, 62, 19, 53, 78, 41, 58, 49, 77, 25, 89, 25, 68, 16, 43, 75, 55, 30, 76, 31, 42, 40, 52, 73, 23, 23, 46, 59, 77, 47, 39, 26, 21, 42, 17, 58, 48, 49, 87, 57, 45, 54, 75, 70, 39, 81, 75, 12, 26, 69, 67, 30, 38, 78, 43, 49]
22 [106,318] 57 Distance: [19, 60, 19, 84, 37, 30, 71, 69, 31, 89, 72, 51, 53, 18, 52, 27, 89, 13, 25, 72, 26, 38, 0, 44, 74, 33, 48, 37, 65, 66, 64, 66, 34, 17, 81, 14, 27, 26, 78, 32, 68, 80, 17, 29, 41, 34, 22, 42, 67, 61, 10, 31, 18, 27, 47, 38, 56, 89, 31, 83, 68, 54, 27, 78, 26, 39, 63, 43, 60, 71, 19, 11, 55, 60, 48, 59, 13, 85, 77, 58, 74, 47, 54, 73, 37, 39, 24, 75, 21, 41, 27, 27, 61, 39, 12, 28, 86, 70, 22, 75]
23 [110,345] 56 Distance: [58, 26, 83, 41, 24, 82, 32, 41, 56, 26, 81, 42, 29, 38, 75, 16, 27, 10, 66, 54, 54, 39, 44, 0, 55, 35, 45, 66, 67, 18, 23, 38, 64, 22, 86, 31, 79, 29, 22, 88, 29, 67, 64, 12, 21, 71, 57, 81, 63, 10, 42, 17, 25, 83, 28, 66, 33, 48, 64, 55, 60, 24, 56, 48, 86, 11, 21, 13, 86, 42, 46, 64, 29, 35, 58, 79, 60, 69, 75, 89, 47, 34, 87, 48, 25, 82, 52, 84, 13, 68, 79, 33, 22, 64, 40, 79, 68, 23, 62, 55]
24 [98,275] 36 Distance: [75, 48, 20, 89, 13, 66, 66, 86, 28, 60, 15, 68, 71, 66, 86, 50, 25, 70, 15, 53, 24, 34, 74, 55, 0, 19, 28, 51, 37, 10, 60, 59, 56, 77, 24, 23, 87, 64, 84, 40, 14, 24, 23, 18, 54, 31, 51, 31, 34, 52, 79, 60, 85, 77, 31, 84, 49, 74, 53, 87, 11, 39, 33, 87, 58, 46, 20, 15, 31, 22, 82, 33, 14, 28, 54, 42, 26, 76, 63, 19, 14, 44, 40, 71, 24, 37, 86, 12, 64, 31, 10, 48, 86, 89, 54, 18, 58, 65, 60, 41]
25 [145,197] 3 Distance: [81, 83, 57, 37, 62, 12, 86, 55, 31, 86, 72, 62, 75, 83, 72, 48, 40, 30, 73, 74, 84, 19, 33, 35, 19, 0, 21, 54, 66, 69, 37, 87, 34, 16, 85, 71, 46, 32, 75, 48, 65, 29, 74, 17, 64, 89, 72, 86, 31, 49, 42, 82, 16, 47, 12, 76, 22, 88, 29, 51, 23, 57, 22, 14, 32, 41, 59, 85, 83, 74, 42, 54, 28, 18, 81, 37, 81, 81, 44, 35, 87, 30, 59, 57, 65, 82, 82, 49, 20, 48, 27, 33, 54, 16, 54, 38, 52, 23, 16, 89]
26 [91,408] 3 Distance: [30, 86, 44, 28, 71, 28, 29, 69, 45, 33, 36, 45, 71, 11, 77, 11, 28, 21, 26, 29, 50, 63, 48, 45, 28, 21, 0, 83, 37, 81, 64, 78, 74, 79, 83, 78, 69, 33, 41, 88, 11, 46, 48, 31, 65, 19, 37, 75, 38, 83, 21, 50, 31, 24, 65, 66, 64, 24, 71, 16, 20, 68, 83, 43, 74, 42, 18, 10, 44, 58, 30, 68, 76, 69, 59, 46, 78, 17, 44, 62, 28, 25, 19, 47, 58, 81, 68, 61, 71, 56, 20, 32, 28, 22, 19, 38, 20, 37, 35, 41]
27 [119,297] 81 Distance: [71, 22, 58, 69, 66, 31, 65, 14, 80, 64, 42, 35, 14, 17, 25, 68, 13, 57, 50, 69, 41, 33, 37, 66, 51, 54, 83, 0, 72, 76, 20, 31, 22, 53, 62, 64, 13, 16, 42, 83, 88, 65, 46, 17, 53, 53, 66, 43, 32, 50, 35, 70, 32, 60, 68, 68, 30, 35, 76, 47, 30, 10, 81, 47, 28, 35, 46, 11, 68, 85, 83, 44, 29, 31, 26, 28, 67, 87, 33, 14, 31, 75, 41, 71, 86, 25, 42, 57, 75, 26, 49, 33, 81, 89, 87, 55, 17, 49, 47, 82]
28 [1,140] 84 Distance: [68, 81, 74, 19, 15, 59, 28, 72, 56, 12, 40, 66, 89, 73, 76, 37, 20, 86, 74, 32, 11, 60, 65, 67, 37, 66, 37, 72, 0, 37, 84, 11, 30, 15, 88, 27, 53, 24, 59, 36, 74, 41, 24, 25, 70, 79, 18, 57, 89, 47, 45, 84, 50, 54, 60, 43, 42, 27, 52, 35, 58, 20, 48, 86, 13, 34, 62, 54, 31, 10, 22, 14, 21, 32, 43, 24, 55, 18, 10, 52, 24, 62, 64, 12, 22, 49, 56, 81, 61, 14, 17, 80, 22, 87, 45, 71, 28, 42, 54, 31]
29 [192,383] 80 Distance: [51, 12, 58, 65, 51, 74, 33, 40, 58, 12, 82, 32, 54, 49, 40, 29, 64, 29, 35, 20, 11, 88, 66, 18, 10, 69, 81, 76, 37, 0, 31, 27, 76, 21, 49, 74, 58, 88, 62, 65, 38, 17, 41, 13, 86, 58, 82, 54, 64, 61, 84, 76, 42, 26, 10, 32, 65, 36, 81, 76, 69, 72, 24, 16, 64, 75, 36, 26, 71, 16, 32, 33, 89, 67, 50, 78, 69, 84, 41, 72, 73, 35, 18, 74, 69, 68, 74, 83, 45, 15, 62, 26, 29, 56, 14, 60, 39, 54, 48, 68]
30 [22,479] 53 Distance: [44, 66, 27, 33, 82, 37, 56, 77, 54, 75, 63, 69, 71, 81, 64, 57, 66, 43, 16, 36, 63, 37, 64, 23, 60, 37, 64, 20, 84, 31, 0, 72, 49, 32, 85, 40, 77, 21, 23, 80, 62, 79, 43, 22, 86, 12, 29, 84, 34, 59, 37, 39, 30, 24, 74, 51, 32, 21, 20, 52, 88, 89, 60, 63, 50, 18, 50, 55, 20, 55, 59, 27, 10, 88, 69, 60, 12, 71, 24, 77, 89, 47, 42, 35, 51, 34, 63, 44, 54, 65, 44, 28, 38, 69, 70, 18, 52, 43, 60, 73]
31 [193,227] 26 Distance: [67, 89, 24, 29, 72, 37, 45, 77, 78, 82, 69, 19, 37, 73, 75, 74, 44, 89, 24, 23, 23, 71, 66, 38, 59, 87, 78, 31, 11, 27, 72, 0, 12, 43, 30, 42, 79, 73, 56, 79, 72, 20, 63, 34, 44, 61, 54, 36, 67, 66, 13, 42, 46, 87, 23, 34, 84, 38, 39, 67, 45, 77, 70, 66, 74, 54, 68, 17, 30, 21, 73, 50, 29, 10, 38, 57, 48, 22, 60, 31, 18, 58, 88, 51, 59, 74, 58, 43, 22, 81, 33, 24, 64, 47, 86, 23, 48, 13, 65, 68]
32 [80,132] 29 Distance: [25, 63, 49, 86, 58, 25, 17, 83, 81, 80, 65, 11, 15, 21, 46, 73, 40, 47, 89, 70, 34, 87, 34, 64, 56, 34, 74, 22, 30, 76, 49, 12, 0, 45, 32, 43, 73, 33, 28, 17, 53, 40, 64, 33, 23, 36, 31, 85, 89, 17, 63, 25, 42, 16, 26, 74, 52, 50, 82, 13, 76, 34, 34, 41, 71, 48, 79, 51, 41, 22, 61, 52, 57, 88, 30, 57, 17, 13, 85, 86, 34, 20, 89, 39, 68, 21, 21, 85, 74, 86, 60, 82, 68, 22, 89, 33, 78, 74, 69, 21]
33 [40,109] 89 Distance: [27, 36, 30, 38, 80, 60, 49, 25, 71, 69, 44, 58, 39, 42, 50, 23, 48, 18, 62, 12, 45, 26, 17, 22, 77, 16, 79, 53, 15, 21, 32, 43, 45, 0, 22, 33, 50, 52, 11, 53, 52, 23, 49, 49, 79, 33, 80, 42, 44, 41, 12, 11, 53, 22, 80, 65, 63, 87, 52, 15, 24, 60, 61, 47, 38, 36, 35, 70, 63, 19, 78, 67, 54, 64, 89, 84, 35, 41, 89, 20, 12, 51, 55, 85, 63, 18, 41, 38, 82, 64, 47, 65, 65, 62, 88, 84, 38, 53, 85, 25]
34 [183,296] 69 Distance: [26, 16, 33, 67, 85, 42, 37, 21, 47, 44, 12, 87, 81, 66, 43, 10, 86, 68, 48, 89, 27, 65, 81, 86, 24, 85, 83, 62, 88, 49, 85, 30, 32, 22, 0, 23, 55, 21, 68, 73, 23, 80, 89, 35, 66, 80, 72, 45, 88, 57, 38, 55, 43, 40, 41, 38, 19, 57, 47, 25, 27, 67, 44, 42, 43, 79, 14, 80, 19, 86, 46, 16, 65, 56, 86, 84, 32, 88, 25, 68, 61, 84, 19, 81, 71, 83, 63, 17, 34, 40, 63, 36, 55, 83, 43, 21, 76, 22, 73, 76]
35 [174,250] 25 Distance: [71, 37, 77, 34, 41, 11, 50, 88, 46, 33, 61, 28, 49, 79, 30, 23, 13, 12, 76, 16, 31, 20, 14, 31, 23, 71, 78, 64, 27, 74, 40, 42, 43, 33, 23, 0, 27, 68, 21, 16, 66, 53, 77, 58, 39, 87, 44, 20, 22, 79, 49, 80, 56, 61, 75, 70, 33, 13, 19, 69, 87, 10, 54, 27, 58, 29, 14, 32, 52, 19, 44, 12, 62, 44, 35, 72, 60, 64, 52, 34, 22, 60, 18, 42, 84, 10, 33, 41, 22, 31, 80, 18, 29, 61, 64, 16, 41, 25, 48, 63]
36 [50,215] 53 Distance: [13, 35, 58, 43, 64, 39, 72, 65, 50, 70, 79, 86, 43, 60, 89, 52, 37, 16, 85, 88, 11, 35, 27, 79, 87, 46, 69, 13, 53, 58, 77, 79, 73, 50, 55, 27, 0, 64, 87, 23, 39, 24, 81, 61, 35, 81, 23, 53, 64, 50, 80, 59, 17, 62, 62, 70, 63, 67, 47, 75, 29, 63, 64, 46, 25, 31, 13, 53, 63, 53, 36, 10, 40, 37, 39, 13, 31, 28, 15, 20, 52, 14, 30, 16, 74, 26, 29, 46, 43, 44, 84, 70, 75, 64, 56, 67, 89, 78, 78, 63]
37 [237,332] 32 Distance: [75, 40, 56, 84, 56, 30, 41, 49, 30, 62, 55, 81, 10, 21, 86, 55, 52, 31, 67, 13, 22, 59, 26, 29, 64, 32, 33, 16, 24, 88, 21, 73, 33, 52, 21, 68, 64, 0, 50, 70, 30, 75, 48, 72, 51, 88, 64, 32, 46, 37, 65, 61, 74, 21, 24, 45, 43, 76, 65, 39, 32, 38, 32, 68, 23, 20, 37, 26, 47, 19, 29, 39, 41, 27, 21, 70, 24, 50, 26, 17, 55, 74, 28, 20, 25, 14, 49, 73, 76, 36, 21, 70, 39, 62, 15, 63, 34, 35, 47, 72]
38 [162,214] 46 Distance: [29, 58, 14, 82, 45, 18, 68, 63, 80, 53, 57, 55, 24, 70, 43, 85, 30, 30, 21, 81, 62, 60, 78, 22, 84, 75, 41, 42, 59, 62, 23, 56, 28, 11, 68, 21, 87, 50, 0, 85, 70, 52, 44, 41, 48, 74, 67, 26, 79, 16, 51, 62, 25, 56, 70, 63, 30, 71, 68, 36, 42, 12, 13, 62, 20, 13, 85, 78, 23, 77, 44, 20, 58, 59, 41, 66, 77, 20, 82, 47, 34, 39, 11, 87, 22, 89, 89, 63, 59, 47, 81, 87, 19, 73, 33, 24, 75, 31, 43, 45]
39 [4,212] 66 Distance: [44, 12, 27, 27, 35, 28, 24, 58, 81, 75, 88, 86, 84, 81, 56, 38, 59, 15, 51, 88, 35, 42, 32, 88, 40, 48, 88, 83, 36, 65, 80, 79, 17, 53, 73, 16, 23, 70, 85, 0, 34, 82, 58, 15, 20, 85, 50, 40, 87, 53, 72, 56, 81, 51, 75, 86, 20, 19, 78, 14, 87, 13, 36, 89, 19, 80, 22, 26, 71, 54, 83, 53, 40, 51, 37, 42, 40, 39, 60, 79, 49, 35, 57, 28, 31, 40, 25, 15, 55, 43, 60, 63, 56, 20, 33, 62, 29, 54, 80, 56]
40 [66,125] 53 Distance: [71, 46, 51, 70, 29, 44, 62, 89, 74, 73, 61, 23, 47, 52, 85, 80, 74, 43, 69, 47, 16, 40, 68, 29, 14, 65, 11, 88, 74, 38, 62, 72, 53, 52, 23, 66, 39, 30, 70, 34, 0, 11, 25, 51, 72, 61, 19, 66, 26, 74, 37, 10, 43, 80, 33, 41, 12, 47, 10, 72, 86, 36, 68, 53, 23, 16, 74, 12, 58, 37, 46, 50, 21, 45, 58, 46, 44, 22, 70, 20, 51, 46, 35, 63, 64, 22, 52, 43, 79, 54, 28, 44, 63, 78, 18, 30, 73, 20, 65, 10]
41 [20,128] 11 Distance: [42, 13, 25, 72, 68, 78, 52, 36, 24, 45, 16, 82, 11, 24, 74, 87, 61, 58, 15, 40, 13, 11, 80, 67, 24, 29, 46, 65, 41, 17, 79, 20, 40, 23, 80, 53, 24, 75, 52, 82, 11, 0, 81, 31, 44, 81, 70, 15, 63, 56, 83, 22, 16, 32, 24, 87, 52, 65, 82, 74, 47, 19, 87, 25, 51, 25, 14, 26, 73, 58, 10, 25, 46, 45, 88, 16, 84, 64, 62, 86, 10, 69, 67, 50, 54, 10, 13, 59, 78, 20, 38, 14, 54, 39, 24, 74, 51, 84, 71, 11]
42 [41,150] 4 Distance: [27, 21, 29, 70, 63, 27, 51, 53, 15, 77, 86, 54, 35, 81, 54, 59, 89, 76, 38, 56, 64, 17, 17, 64, 23, 74, 48, 46, 24, 41, 43, 63, 64, 49, 89, 77, 81, 48, 44, 58, 25, 81, 0, 78, 31, 62, 65, 68, 11, 49, 12, 43, 37, 65, 54, 79, 26, 63, 13, 43, 86, 72, 12, 35, 10, 62, 70, 61, 73, 39, 78, 16, 47, 30, 85, 52, 62, 72, 65, 57, 55, 33, 22, 52, 66, 85, 19, 68, 57, 74, 44, 19, 23, 42, 16, 40, 72, 15, 54, 57]
43 [71,116] 22 Distance: [84, 72, 65, 74, 47, 39, 79, 68, 32, 25, 37, 64, 39, 67, 44, 53, 59, 36, 32, 43, 35, 19, 29, 12, 18, 17, 31, 17, 25, 13, 22, 34, 33, 49, 35, 58, 61, 72, 41, 15, 51, 31, 78, 0, 29, 39, 73, 77, 48, 71, 77, 31, 62, 60, 76, 79, 53, 12, 34, 35, 27, 59, 81, 27, 24, 58, 34, 50, 50, 10, 25, 16, 67, 62, 35, 60, 73, 61, 79, 31, 10, 87, 70, 20, 33, 15, 56, 43, 89, 55, 53, 45, 37, 58, 20, 89, 26, 18, 35, 29]
44 [46,443] 5 Distance: [23, 77, 25, 60, 20, 74, 15, 21, 12, 33, 16, 28, 33, 38, 87, 48, 36, 24, 55, 80, 71, 83, 41, 21, 54, 64, 65, 53, 70, 86, 86, 44, 23, 79, 66, 39, 35, 51, 48, 20, 72, 44, 31, 29, 0, 58, 73, 28, 17, 14, 61, 33, 77, 63, 77, 36, 10, 81, 32, 37, 70, 44, 53, 88, 33, 88, 52, 18, 21, 36, 67, 64, 34, 83, 69, 68, 55, 52, 30, 77, 45, 77, 49, 18, 61, 35, 58, 75, 34, 73, 71, 45, 57, 50, 65, 47, 85, 68, 41, 61]
45 [62,341] 18 Distance: [22, 58, 33, 59, 48, 52, 17, 50, 27, 58, 70, 41, 68, 49, 29, 22, 89, 89, 48, 40, 17, 62, 34, 71, 31, 89, 19, 53, 79, 58, 12, 61, 36, 33, 80, 87, 81, 88, 74, 85, 61, 81, 62, 39, 58, 0, 31, 75, 45, 89, 26, 39, 73, 24, 36, 36, 10, 80, 73, 68, 79, 12, 34, 59, 56, 42, 59, 38, 32, 18, 81, 40, 87, 19, 74, 67, 40, 27, 63, 48, 42, 18, 68, 11, 65, 36, 89, 77, 52, 89, 41, 23, 73, 19, 63, 73, 77, 68, 56, 12]
46 [88,93] 27 Distance: [43, 39, 42, 27, 33, 11, 12, 58, 71, 13, 49, 81, 19, 73, 84, 65, 84, 15, 65, 25, 12, 19, 22, 57, 51, 72, 37, 66, 18, 82, 29, 54, 31, 80, 72, 44, 23, 64, 67, 50, 19, 70, 65, 73, 73, 31, 0, 64, 41, 67, 34, 12, 22, 53, 72, 54, 15, 74, 68, 62, 49, 38, 33, 65, 59, 25, 53, 62, 44, 32, 59, 85, 74, 88, 33, 10, 12, 62, 32, 25, 85, 50, 35, 68, 62, 74, 87, 88, 14, 83, 62, 30, 88, 34, 15, 29, 65, 56, 13, 60]
47 [149,371] 76 Distance: [55, 88, 72, 57, 71, 64, 52, 17, 58, 49, 49, 81, 14, 11, 61, 12, 42, 29, 68, 78, 86, 53, 42, 81, 31, 86, 75, 43, 57, 54, 84, 36, 85, 42, 45, 20, 53, 32, 26, 40, 66, 15, 68, 77, 28, 75, 64, 0, 61, 20, 18, 53, 53, 34, 89, 69, 87, 49, 69, 17, 11, 82, 80, 82, 13, 13, 20, 17, 27, 62, 32, 13, 12, 28, 88, 57, 27, 58, 60, 19, 16, 23, 34, 15, 25, 32, 82, 18, 74, 69, 47, 74, 46, 88, 45, 43, 40, 49, 67, 36]
48 [169,276] 12 Distance: [77, 52, 40, 80, 36, 64, 33, 18, 54, 41, 22, 38, 74, 14, 38, 30, 53, 70, 74, 43, 56, 78, 67, 63, 34, 31, 38, 32, 89, 64, 34, 67, 89, 44, 88, 22, 64, 46, 79, 87, 26, 63, 11, 48, 17, 45, 41, 61, 0, 27, 47, 63, 80, 66, 10, 64, 89, 60, 20, 68, 71, 72, 30, 62, 85, 73, 86, 19, 68, 39, 13, 82, 25, 66, 23, 62, 34, 19, 44, 25, 71, 32, 11, 78, 11, 76, 78, 11, 81, 41, 73, 73, 75, 75, 44, 26, 77, 58, 40, 62]
49 [86,127] 19 Distance: [85, 68, 62, 87, 38, 41, 75, 12, 48, 52, 89, 80, 68, 65, 28, 85, 62, 89, 69, 23, 81, 41, 61, 10, 52, 49, 83, 50, 47, 61, 59, 66, 17, 41, 57, 79, 50, 37, 16, 53, 74, 56, 49, 71, 14, 89, 67, 20, 27, 0, 80, 51, 46, 18, 19, 28, 19, 54, 44, 34, 80, 40, 60, 17, 37, 18, 49, 31, 77, 77, 85, 37, 77, 81, 19, 43, 55, 10, 73, 31, 11, 24, 41, 50, 44, 35, 10, 79, 32, 89, 12, 41, 82, 54, 41, 47, 66, 31, 86, 31]
50 [154,359] 13 Distance: [42, 82, 65, 28, 72, 84, 25, 15, 24, 52, 63, 70, 79, 18, 10, 44, 28, 65, 38, 89, 65, 58, 10, 42, 79, 42, 21, 35, 45, 84, 37, 13, 63, 12, 38, 49, 80, 65, 51, 72, 37, 83, 12, 77, 61, 26, 34, 18, 47, 80, 0, 59, 59, 73, 85, 37, 62, 68, 13, 17, 83, 63, 29, 66, 21, 20, 72, 75, 42, 84, 48, 83, 77, 71, 43, 69, 38, 33, 65, 68, 40, 47, 79, 28, 39, 49, 75, 52, 36, 82, 85, 79, 39, 34, 22, 81, 88, 53, 56, 79]
51 [117,134] 67 Distance: [71, 55, 85, 50, 52, 71, 51, 10, 29, 41, 57, 44, 74, 88, 42, 30, 37, 39, 66, 28, 23, 49, 31, 17, 60, 82, 50, 70, 84, 76, 39, 42, 25, 11, 55, 80, 59, 61, 62, 56, 10, 22, 43, 31, 33, 39, 12, 53, 63, 51, 59, 0, 74, 20, 18, 31, 68, 81, 14, 79, 60, 55, 56, 33, 82, 80, 85, 68, 71, 33, 78, 78, 57, 32, 56, 53, 44, 86, 65, 61, 38, 78, 24, 43, 22, 61, 89, 24, 18, 76, 53, 18, 61, 17, 10, 60, 81, 28, 52, 22]
52 [133,465] 42 Distance: [63, 54, 34, 89, 73, 47, 14, 35, 14, 13, 10, 66, 78, 15, 72, 50, 16, 44, 70, 17, 89, 77, 18, 25, 85, 16, 31, 32, 50, 42, 30, 46, 42, 53, 43, 56, 17, 74, 25, 81, 43, 16, 37, 62, 77, 73, 22, 53, 80, 46, 59, 74, 0, 46, 61, 31, 55, 31, 83, 24, 22, 85, 78, 15, 73, 34, 22, 11, 84, 52, 21, 42, 67, 13, 47, 19, 51, 43, 34, 42, 26, 24, 88, 79, 23, 64, 73, 36, 20, 10, 14, 57, 72, 70, 32, 70, 25, 17, 31, 36]
53 [85,388] 83 Distance: [37, 68, 67, 73, 53, 21, 54, 64, 34, 33, 14, 63, 63, 64, 30, 63, 67, 43, 56, 57, 24, 25, 27, 83, 77, 47, 24, 60, 54, 26, 24, 87, 16, 22, 40, 61, 62, 21, 56, 51, 80, 32, 65, 60, 63, 24, 53, 34, 66, 18, 73, 20, 46, 0, 14, 40, 78, 88, 19, 71, 28, 29, 54, 12, 46, 29, 46, 12, 87, 44, 75, 33, 89, 81, 72, 64, 69, 65, 61, 83, 63, 58, 65, 55, 61, 41, 29, 52, 14, 24, 12, 20, 23, 88, 30, 66, 57, 70, 12, 17]
54 [51,395] 79 Distance: [11, 46, 37, 26, 60, 70, 15, 37, 71, 27, 40, 19, 32, 37, 68, 88, 61, 27, 83, 16, 82, 89, 47, 28, 31, 12, 65, 68, 60, 10, 74, 23, 26, 80, 41, 75, 62, 24, 70, 75, 33, 24, 54, 76, 77, 36, 72, 89, 10, 19, 85, 18, 61, 14, 0, 30, 29, 69, 22, 82, 89, 87, 83, 62, 19, 58, 16, 47, 78, 22, 88, 21, 44, 20, 13, 40, 45, 50, 57, 85, 86, 16, 35, 54, 42, 40, 26, 80, 72, 59, 17, 54, 16, 85, 23, 11, 35, 82, 34, 68]
55 [163,243] 77 Distance: [68, 10, 31, 62, 72, 19, 54, 70, 77, 57, 73, 19, 84, 32, 40, 72, 53, 65, 29, 78, 10, 25, 38, 66, 84, 76, 66, 68, 43, 32, 51, 34, 74, 65, 38, 70, 70, 45, 63, 86, 41, 87, 79, 79, 36, 36, 54, 69, 64, 28, 37, 31, 31, 40, 30, 0, 22, 43, 55, 11, 34, 25, 56, 48, 44, 10, 10, 26, 60, 32, 82, 27, 60, 71, 76, 34, 79, 79, 24, 10, 11, 39, 49, 64, 68, 27, 43, 82, 71, 84, 73, 34, 47, 46, 24, 42, 56, 71, 27, 73]
56 [151,469] 52 Distance: [46, 39, 55, 48, 79, 89, 28, 49, 24, 82, 22, 67, 23, 35, 25, 80, 17, 14, 57, 47, 38, 68, 56, 33, 49, 22, 64, 30, 42, 65, 32, 84, 52, 63, 19, 33, 63, 43, 30, 20, 12, 52, 26, 53, 10, 10, 15, 87, 89, 19, 62, 68, 55, 78, 29, 22, 0, 46, 50, 35, 59, 64, 11, 59, 39, 55, 38, 78, 18, 13, 48, 21, 18, 60, 71, 17, 77, 36, 22, 65, 15, 87, 72, 81, 57, 21, 29, 15, 87, 32, 58, 75, 74, 43, 59, 58, 36, 52, 20, 87]
57 [201,360] 78 Distance: [47, 86, 53, 66, 13, 57, 21, 22, 68, 86, 79, 18, 28, 33, 26, 54, 58, 76, 56, 54, 68, 16, 89, 48, 74, 88, 24, 35, 27, 36, 21, 38, 50, 87, 57, 13, 67, 76, 71, 19, 47, 65, 63, 12, 81, 80, 74, 49, 60, 54, 68, 81, 31, 88, 69, 43, 46, 0, 19, 10, 53, 55, 36, 29, 59, 55, 57, 49, 51, 36, 53, 62, 26, 23, 35, 40, 32, 27, 23, 21, 59, 60, 60, 48, 40, 30, 45, 42, 76, 55, 31, 39, 40, 58, 75, 76, 43, 33, 26, 83]
58 [207,302] 71 Distance: [63, 21, 89, 42, 88, 79, 46, 74, 38, 19, 64, 45, 56, 47, 31, 69, 73, 23, 71, 53, 13, 43, 31, 64, 53, 29, 71, 76, 52, 81, 20, 39, 82, 52, 47, 19, 47, 65, 68, 78, 10, 82, 13, 34, 32, 73, 68, 69, 20, 44, 13, 14, 83, 19, 22, 55, 50, 19, 0, 65, 22, 24, 56, 10, 62, 59, 20, 69, 35, 13, 19, 59, 44, 69, 52, 56, 75, 21, 12, 67, 50, 28, 88, 47, 19, 26, 61, 75, 51, 52, 29, 20, 59, 30, 89, 10, 59, 69, 61, 79]
59 [62,231] 49 Distance: [31, 22, 43, 85, 69, 26, 27, 89, 19, 11, 83, 83, 77, 69, 61, 22, 21, 71, 66, 72, 10, 75, 83, 55, 87, 51, 16, 47, 35, 76, 52, 67, 13, 15, 25, 69, 75, 39, 36, 14, 72, 74, 43, 35, 37, 68, 62, 17, 68, 34, 17, 79, 24, 71, 82, 11, 35, 10, 65, 0, 26, 79, 29, 44, 78, 41, 26, 46, 52, 16, 48, 61, 61, 44, 47, 78, 70, 86, 68, 30, 34, 43, 20, 78, 86, 72, 53, 63, 32, 37, 40, 35, 37, 78, 22, 82, 38, 44, 38, 78]
60 [11,244] 75 Distance: [71, 41, 39, 27, 82, 69, 26, 83, 69, 63, 69, 14, 58, 64, 40, 31, 57, 27, 14, 75, 28, 55, 68, 60, 11, 23, 20, 30, 58, 69, 88, 45, 76, 24, 27, 87, 29, 32, 42, 87, 86, 47, 86, 27, 70, 79, 49, 11, 71, 80, 83, 60, 22, 28, 89, 34, 59, 53, 22, 26, 0, 14, 51, 89, 78, 27, 20, 34, 87, 70, 19, 69, 41, 48, 67, 75, 37, 59, 77, 79, 13, 67, 63, 73, 67, 39, 81, 36, 83, 56, 83, 77, 77, 44, 66, 58, 42, 63, 57, 37]
61 [147,434] 85 Distance: [49, 33, 15, 71, 74, 54, 89, 18, 15, 79, 31, 88, 15, 19, 56, 40, 78, 47, 30, 38, 18, 30, 54, 24, 39, 57, 68, 10, 20, 72, 89, 77, 34, 60, 67, 10, 63, 38, 12, 13, 36, 19, 72, 59, 44, 12, 38, 82, 72, 40, 63, 55, 85, 29, 87, 25, 64, 55, 24, 79, 14, 0, 64, 40, 20, 68, 48, 83, 80, 71, 45, 48, 46, 13, 87, 39, 39, 18, 69, 53, 73, 73, 65, 40, 48, 82, 30, 84, 80, 73, 68, 79, 14, 75, 44, 47, 78, 37, 39, 78]
62 [216,269] 43 Distance: [11, 24, 78, 41, 30, 61, 35, 82, 31, 74, 46, 58, 45, 85, 32, 62, 21, 47, 68, 20, 25, 76, 27, 56, 33, 22, 83, 81, 48, 24, 60, 70, 34, 61, 44, 54, 64, 32, 13, 36, 68, 87, 12, 81, 53, 34, 33, 80, 30, 60, 29, 56, 78, 54, 83, 56, 11, 36, 56, 29, 51, 64, 0, 86, 59, 24, 87, 18, 49, 18, 32, 33, 57, 44, 19, 45, 58, 82, 59, 40, 42, 85, 56, 17, 24, 34, 46, 70, 40, 63, 80, 52, 76, 33, 21, 25, 27, 28, 84, 59]
63 [237,440] 76 Distance: [72, 76, 20, 36, 56, 63, 35, 46, 68, 66, 60, 77, 79, 19, 56, 85, 81, 15, 50, 32, 16, 31, 78, 48, 87, 14, 43, 47, 86, 16, 63, 66, 41, 47, 42, 27, 46, 68, 62, 89, 53, 25, 35, 27, 88, 59, 65, 82, 62, 17, 66, 33, 15, 12, 62, 48, 59, 29, 10, 44, 89, 40, 86, 0, 48, 66, 34, 33, 82, 29, 53, 31, 59, 71, 19, 31, 56, 86, 60, 42, 60, 70, 33, 55, 49, 14, 47, 74, 60, 68, 76, 62, 28, 28, 45, 61, 31, 43, 33, 59]
64 [45,303] 27 Distance: [55, 18, 17, 66, 65, 31, 73, 70, 54, 73, 67, 66, 11, 38, 29, 66, 23, 19, 12, 58, 84, 42, 26, 86, 58, 32, 74, 28, 13, 64, 50, 74, 71, 38, 43, 58, 25, 23, 20, 19, 23, 51, 10, 24, 33, 56, 59, 13, 85, 37, 21, 82, 73, 46, 19, 44, 39, 59, 62, 78, 78, 20, 59, 48, 0, 64, 11, 46, 35, 16, 55, 54, 89, 80, 54, 37, 15, 57, 52, 58, 51, 41, 12, 80, 37, 59, 34, 23, 39, 17, 28, 36, 13, 16, 65, 66, 35, 23, 26, 19]
65 [140,219] 49 Distance: [75, 78, 21, 89, 11, 88, 52, 58, 72, 44, 75, 87, 18, 32, 21, 81, 21, 25, 65, 20, 23, 40, 39, 11, 46, 41, 42, 35, 34, 75, 18, 54, 48, 36, 79, 29, 31, 20, 13, 80, 16, 25, 62, 58, 88, 42, 25, 13, 73, 18, 20, 80, 34, 29, 58, 10, 55, 55, 59, 41, 27, 68, 24, 66, 64, 0, 62, 61, 69, 39, 43, 71, 40, 39, 51, 83, 66, 79, 64, 37, 29, 70, 89, 11, 16, 27, 89, 78, 49, 62, 30, 40, 39, 87, 46, 76, 14, 55, 67, 38]
66 [98,176] 34 Distance: [58, 16, 58, 76, 71, 68, 23, 35, 41, 13, 43, 11, 36, 86, 20, 87, 13, 36, 38, 47, 72, 52, 63, 21, 20, 59, 18, 46, 62, 36, 50, 68, 79, 35, 14, 14, 13, 37, 85, 22, 74, 14, 70, 34, 52, 59, 53, 20, 86, 49, 72, 85, 22, 46, 16, 10, 38, 57, 20, 26, 20, 48, 87, 34, 11, 62, 0, 20, 74, 23, 64, 64, 70, 11, 62, 66, 66, 33, 88, 37, 54, 89, 33, 49, 43, 88, 72, 30, 30, 37, 11, 19, 38, 14, 34, 75, 15, 71, 79, 73]
67 [91,403] 65 Distance: [61, 51, 70, 13, 38, 57, 39, 47, 28, 36, 32, 84, 30, 57, 47, 35, 61, 31, 56, 10, 66, 73, 43, 13, 15, 85, 10, 11, 54, 26, 55, 17, 51, 70, 80, 32, 53, 26, 78, 26, 12, 26, 61, 50, 18, 38, 62, 17, 19, 31, 75, 68, 11, 12, 47, 26, 78, 49, 69, 46, 34, 83, 18, 33, 46, 61, 20, 0, 51, 18, 32, 35, 53, 74, 62, 73, 73, 41, 70, 89, 19, 58, 66, 27, 42, 73, 51, 87, 57, 22, 12, 71, 50, 24, 78, 38, 31, 62, 60, 56]
68 [187,479] 78 Distance: [40, 31, 23, 59, 32, 77, 68, 74, 62, 45, 36, 66, 43, 69, 10, 68, 83, 86, 72, 75, 45, 23, 60, 86, 31, 83, 44, 68, 31, 71, 20, 30, 41, 63, 19, 52, 63, 47, 23, 71, 58, 73, 73, 50, 21, 32, 44, 27, 68, 77, 42, 71, 84, 87, 78, 60, 18, 51, 35, 52, 87, 80, 49, 82, 35, 69, 74, 51, 0, 71, 17, 58, 19, 25, 69, 39, 59, 87, 62, 20, 76, 66, 15, 48, 64, 78, 62, 17, 80, 34, 20, 65, 71, 31, 32, 67, 50, 59, 11, 48]
69 [7,229] 16 Distance: [27, 39, 53, 47, 14, 50, 76, 18, 11, 25, 60, 61, 82, 70, 80, 89, 82, 88, 69, 69, 29, 23, 71, 42, 22, 74, 58, 85, 10, 16, 55, 21, 22, 19, 86, 19, 53, 19, 77, 54, 37, 58, 39, 10, 36, 18, 32, 62, 39, 77, 84, 33, 52, 44, 22, 32, 13, 36, 13, 16, 70, 71, 18, 29, 16, 39, 23, 18, 71, 0, 68, 88, 86, 51, 38, 85, 31, 45, 60, 49, 51, 21, 66, 23, 77, 16, 21, 43, 77, 57, 78, 63, 52, 77, 57, 34, 27, 37, 68, 54]
70 [131,196] 88 Distance: [20, 30, 49, 40, 88, 75, 56, 13, 29, 23, 24, 42, 89, 41, 69, 18, 88, 59, 27, 47, 12, 46, 19, 46, 82, 42, 30, 83, 22, 32, 59, 73, 61, 78, 46, 44, 36, 29, 44, 83, 46, 10, 78, 25, 67, 81, 59, 32, 13, 85, 48, 78, 21, 75, 88, 82, 48, 53, 19, 48, 19, 45, 32, 53, 55, 43, 64, 32, 17, 68, 0, 35, 65, 83, 28, 86, 62, 16, 78, 45, 67, 47, 41, 28, 14, 64, 69, 24, 22, 14, 67, 40, 60, 68, 82, 41, 51, 47, 29, 43]
71 [38,313] 84 Distance: [53, 48, 89, 88, 17, 44, 21, 65, 88, 54, 53, 34, 49, 50, 64, 82, 63, 25, 73, 79, 85, 59, 11, 64, 33, 54, 68, 44, 14, 33, 27, 50, 52, 67, 16, 12, 10, 39, 20, 53, 50, 25, 16, 16, 64, 40, 85, 13, 82, 37, 83, 78, 42, 33, 21, 27, 21, 62, 59, 61, 69, 48, 33, 31, 54, 71, 64, 35, 58, 88, 35, 0, 41, 63, 52, 57, 49, 71, 70, 86, 15, 67, 24, 35, 63, 41, 69, 13, 66, 25, 33, 83, 70, 78, 75, 69, 64, 22, 31, 39]
72 [182,227] 72 Distance: [18, 18, 33, 22, 44, 61, 14, 25, 69, 39, 46, 64, 31, 76, 14, 21, 67, 24, 56, 68, 50, 77, 55, 29, 14, 28, 76, 29, 21, 89, 10, 29, 57, 54, 65, 62, 40, 41, 58, 40, 21, 46, 47, 67, 34, 87, 74, 12, 25, 77, 77, 57, 67, 89, 44, 60, 18, 26, 44, 61, 41, 46, 57, 59, 89, 40, 70, 53, 19, 86, 65, 41, 0, 73, 46, 70, 69, 34, 71, 75, 49, 53, 37, 42, 72, 26, 69, 38, 19, 51, 78, 39, 58, 69, 17, 79, 34, 51, 11, 24]
73 [82,384] 71 Distance: [78, 45, 89, 63, 74, 23, 27, 83, 86, 40, 41, 18, 21, 79, 49, 14, 42, 17, 31, 18, 56, 47, 60, 35, 28, 18, 69, 31, 32, 67, 88, 10, 88, 64, 56, 44, 37, 27, 59, 51, 45, 45, 30, 62, 83, 19, 88, 28, 66, 81, 71, 32, 13, 81, 20, 71, 60, 23, 69, 44, 48, 13, 44, 71, 80, 39, 11, 74, 25, 51, 83, 63, 73, 0, 38, 72, 57, 28, 35, 81, 10, 47, 62, 85, 80, 61, 81, 82, 80, 76, 34, 37, 42, 62, 84, 53, 66, 85, 86, 28]
74 [48,262] 56 Distance: [16, 51, 51, 10, 16, 17, 82, 52, 83, 40, 12, 12, 42, 20, 70, 30, 86, 82, 30, 21, 70, 39, 48, 58, 54, 81, 59, 26, 43, 50, 69, 38, 30, 89, 86, 35, 39, 21, 41, 37, 58, 88, 85, 35, 69, 74, 33, 88, 23, 19, 43, 56, 47, 72, 13, 76, 71, 35, 52, 47, 67, 87, 19, 19, 54, 51, 62, 62, 69, 38, 28, 52, 46, 38, 0, 12, 82, 10, 83, 23, 45, 81, 89, 64, 27, 33, 48, 71, 30, 24, 53, 46, 31, 10, 74, 14, 48, 71, 49, 68]
75 [11,463] 18 Distance: [17, 19, 74, 72, 86, 23, 25, 76, 78, 82, 13, 53, 24, 31, 40, 12, 58, 85, 89, 77, 64, 26, 59, 79, 42, 37, 46, 28, 24, 78, 60, 57, 57, 84, 84, 72, 13, 70, 66, 42, 46, 16, 52, 60, 68, 67, 10, 57, 62, 43, 69, 53, 19, 64, 40, 34, 17, 40, 56, 78, 75, 39, 45, 31, 37, 83, 66, 73, 39, 85, 86, 57, 70, 72, 12, 0, 33, 56, 55, 25, 82, 23, 74, 47, 32, 62, 57, 39, 77, 24, 70, 63, 80, 36, 42, 40, 22, 57, 38, 22]
76 [17,230] 34 Distance: [42, 86, 26, 23, 74, 58, 23, 53, 57, 31, 85, 23, 61, 28, 32, 43, 32, 48, 38, 39, 27, 21, 13, 60, 26, 81, 78, 67, 55, 69, 12, 48, 17, 35, 32, 60, 31, 24, 77, 40, 44, 84, 62, 73, 55, 40, 12, 27, 34, 55, 38, 44, 51, 69, 45, 79, 77, 32, 75, 70, 37, 39, 58, 56, 15, 66, 66, 73, 59, 31, 62, 49, 69, 57, 82, 33, 0, 20, 35, 82, 65, 43, 42, 20, 25, 38, 67, 30, 22, 66, 48, 68, 45, 42, 35, 24, 78, 15, 17, 36]
77 [110,185] 81 Distance: [34, 38, 25, 27, 72, 34, 66, 74, 83, 76, 26, 25, 83, 80, 74, 44, 80, 69, 83, 64, 36, 42, 85, 69, 76, 81, 17, 87, 18, 84, 71, 22, 13, 41, 88, 64, 28, 50, 20, 39, 22, 64, 72, 61, 52, 27, 62, 58, 19, 10, 33, 86, 43, 65, 50, 79, 36, 27, 21, 86, 59, 18, 82, 86, 57, 79, 33, 41, 87, 45, 16, 71, 34, 28, 10, 56, 20, 0, 42, 16, 81, 68, 83, 76, 51, 29, 11, 65, 77, 46, 46, 79, 65, 17, 12, 47, 74, 46, 46, 89]
78 [208,249] 56 Distance: [14, 43, 82, 69, 62, 13, 58, 28, 53, 81, 25, 82, 67, 62, 60, 30, 37, 64, 68, 49, 25, 17, 77, 75, 63, 44, 44, 33, 10, 41, 24, 60, 85, 89, 25, 52, 15, 26, 82, 60, 70, 62, 65, 79, 30, 63, 32, 60, 44, 73, 65, 65, 34, 61, 57, 24, 22, 23, 12, 68, 77, 69, 59, 60, 52, 64, 88, 70, 62, 60, 78, 70, 71, 35, 83, 55, 35, 42, 0, 53, 61, 74, 87, 13, 21, 34, 20, 46, 86, 22, 31, 27, 63, 42, 34, 28, 61, 18, 26, 47]
79 [196,476] 40 Distance: [64, 65, 21, 24, 87, 57, 87, 24, 57, 23, 22, 39, 41, 51, 50, 49, 23, 57, 57, 55, 48, 58, 58, 89, 19, 35, 62, 14, 52, 72, 77, 31, 86, 20, 68, 34, 20, 17, 47, 79, 20, 86, 57, 31, 77, 48, 25, 19, 25, 31, 68, 61, 42, 83, 85, 10, 65, 21, 67, 30, 79, 53, 40, 42, 58, 37, 37, 89, 20, 49, 45, 86, 75, 81, 23, 25, 82, 16, 53, 0, 50, 73, 50, 62, 29, 65, 16, 81, 27, 53, 60, 42, 89, 11, 41, 15, 85, 37, 33, 21]
80 [10,136] 16 Distance: [45, 67, 58, 27, 57, 61, 10, 44, 14, 83, 33, 37, 80, 11, 30, 23, 19, 16, 77, 80, 47, 48, 74, 47, 14, 87, 28, 31, 24, 73, 89, 18, 34, 12, 61, 22, 52, 55, 34, 49, 51, 10, 55, 10, 45, 42, 85, 16, 71, 11, 40, 38, 26, 63, 86, 11, 15, 59, 50, 34, 13, 73, 42, 60, 51, 29, 54, 19, 76, 51, 67, 15, 49, 10, 45, 82, 65, 81, 61, 50, 0, 17, 22, 17, 23, 82, 18, 30, 38, 27, 14, 18, 26, 33, 70, 71, 87, 43, 29, 63]
81 [11,172] 53 Distance: [15, 17, 78, 72, 78, 83, 46, 44, 51, 21, 55, 85, 88, 75, 69, 73, 79, 79, 30, 81, 61, 49, 47, 34, 44, 30, 25, 75, 62, 35, 47, 58, 20, 51, 84, 60, 14, 74, 39, 35, 46, 69, 33, 87, 77, 18, 50, 23, 32, 24, 47, 78, 24, 58, 16, 39, 87, 60, 28, 43, 67, 73, 85, 70, 41, 70, 89, 58, 66, 21, 47, 67, 53, 47, 81, 23, 43, 68, 74, 73, 17, 0, 59, 73, 63, 30, 19, 77, 67, 36, 46, 74, 76, 11, 73, 87, 14, 41, 41, 80]
82 [55,163] 31 Distance: [15, 36, 61, 86, 47, 67, 39, 79, 53, 27, 26, 82, 69, 61, 88, 65, 67, 74, 34, 78, 77, 87, 54, 87, 40, 59, 19, 41, 64, 18, 42, 88, 89, 55, 19, 18, 30, 28, 11, 57, 35, 67, 22, 70, 49, 68, 35, 34, 11, 41, 79, 24, 88, 65, 35, 49, 72, 60, 88, 20, 63, 65, 56, 33, 12, 89, 33, 66, 15, 66, 41, 24, 37, 62, 89, 74, 42, 83, 87, 50, 22, 59, 0, 62, 50, 55, 58, 51, 46, 53, 65, 40, 82, 31, 16, 35, 14, 13, 11, 63]
83 [39,160] 33 Distance: [35, 10, 47, 67, 48, 80, 52, 84, 20, 14, 12, 11, 58, 74, 56, 75, 82, 39, 62, 12, 81, 57, 73, 48, 71, 57, 47, 71, 12, 74, 35, 51, 39, 85, 81, 42, 16, 20, 87, 28, 63, 50, 52, 20, 18, 11, 68, 15, 78, 50, 28, 43, 79, 55, 54, 64, 81, 48, 47, 78, 73, 40, 17, 55, 80, 11, 49, 27, 48, 23, 28, 35, 42, 85, 64, 47, 20, 76, 13, 62, 17, 73, 62, 0, 66, 53, 28, 86, 14, 77, 73, 59, 52, 46, 79, 35, 28, 68, 13, 35]
84 [102,401] 85 Distance: [63, 29, 17, 24, 54, 79, 54, 74, 22, 63, 77, 19, 74, 68, 81, 38, 57, 63, 34, 30, 86, 45, 37, 25, 24, 65, 58, 86, 22, 69, 51, 59, 68, 63, 71, 84, 74, 25, 22, 31, 64, 54, 66, 33, 61, 65, 62, 25, 11, 44, 39, 22, 23, 61, 42, 68, 57, 40, 19, 86, 67, 48, 24, 49, 37, 16, 43, 42, 64, 77, 14, 63, 72, 80, 27, 32, 25, 51, 21, 29, 23, 63, 50, 66, 0, 20, 17, 79, 85, 34, 66, 68, 36, 56, 42, 15, 71, 66, 26, 39]
85 [133,244] 82 Distance: [76, 39, 33, 58, 41, 23, 51, 87, 84, 19, 62, 40, 84, 32, 44, 78, 36, 12, 48, 68, 58, 54, 39, 82, 37, 82, 81, 25, 49, 68, 34, 74, 21, 18, 83, 10, 26, 14, 89, 40, 22, 10, 85, 15, 35, 36, 74, 32, 76, 35, 49, 61, 64, 41, 40, 27, 21, 30, 26, 72, 39, 82, 34, 14, 59, 27, 88, 73, 78, 16, 64, 41, 26, 61, 33, 62, 38, 29, 34, 65, 82, 30, 55, 53, 20, 0, 59, 46, 66, 75, 88, 89, 16, 54, 85, 66, 39, 26, 72, 77]
86 [30,384] 38 Distance: [51, 62, 62, 69, 37, 50, 77, 13, 10, 87, 75, 61, 47, 57, 37, 50, 62, 17, 57, 24, 80, 75, 24, 52, 86, 82, 68, 42, 56, 74, 63, 58, 21, 41, 63, 33, 29, 49, 89, 25, 52, 13, 19, 56, 58, 89, 87, 82, 78, 10, 75, 89, 73, 29, 26, 43, 29, 45, 61, 53, 81, 30, 46, 47, 34, 89, 72, 51, 62, 21, 69, 69, 69, 81, 48, 57, 67, 11, 20, 16, 18, 19, 58, 28, 17, 59, 0, 12, 60, 86, 39, 74, 76, 40, 33, 53, 32, 30, 27, 59]
87 [213,429] 48 Distance: [32, 71, 80, 67, 88, 48, 84, 31, 82, 52, 61, 51, 29, 22, 21, 34, 63, 83, 62, 85, 16, 70, 75, 84, 12, 49, 61, 57, 81, 83, 44, 43, 85, 38, 17, 41, 46, 73, 63, 15, 43, 59, 68, 43, 75, 77, 88, 18, 11, 79, 52, 24, 36, 52, 80, 82, 15, 42, 75, 63, 36, 84, 70, 74, 23, 78, 30, 87, 17, 43, 24, 13, 38, 82, 71, 39, 30, 65, 46, 81, 30, 77, 51, 86, 79, 46, 12, 0, 76, 46, 62, 39, 16, 53, 53, 31, 29, 14, 73, 61]
88 [41,300] 62 Distance: [72, 71, 29, 38, 29, 28, 87, 28, 60, 40, 62, 67, 25, 43, 28, 32, 86, 49, 82, 43, 13, 39, 21, 13, 64, 20, 71, 75, 61, 45, 54, 22, 74, 82, 34, 22, 43, 76, 59, 55, 79, 78, 57, 89, 34, 52, 14, 74, 81, 32, 36, 18, 20, 14, 72, 71, 87, 76, 51, 32, 83, 80, 40, 60, 39, 49, 30, 57, 80, 77, 22, 66, 19, 80, 30, 77, 22, 77, 86, 27, 38, 67, 46, 14, 85, 66, 60, 76, 0, 85, 16, 88, 74, 78, 49, 66, 22, 19, 25, 15]
89 [95,102] 46 Distance: [37, 32, 66, 12, 87, 66, 85, 68, 47, 40, 84, 55, 28, 87, 40, 63, 54, 72, 81, 55, 39, 81, 41, 68, 31, 48, 56, 26, 14, 15, 65, 81, 86, 64, 40, 31, 44, 36, 47, 43, 54, 20, 74, 55, 73, 89, 83, 69, 41, 89, 82, 76, 10, 24, 59, 84, 32, 55, 52, 37, 56, 73, 63, 68, 17, 62, 37, 22, 34, 57, 14, 25, 51, 76, 24, 24, 66, 46, 22, 53, 27, 36, 53, 77, 34, 75, 86, 46, 85, 0, 69, 88, 49, 32, 51, 71, 10, 16, 40, 44]
90 [206,249] 29 Distance: [33, 26, 13, 26, 35, 42, 23, 33, 86, 64, 85, 45, 78, 50, 75, 62, 39, 25, 64, 27, 55, 75, 27, 79, 10, 27, 20, 49, 17, 62, 44, 33, 60, 47, 63, 80, 84, 21, 81, 60, 28, 38, 44, 53, 71, 41, 62, 47, 73, 12, 85, 53, 14, 12, 17, 73, 58, 31, 29, 40, 83, 68, 80, 76, 28, 30, 11, 12, 20, 78, 67, 33, 78, 34, 53, 70, 48, 46, 31, 60, 14, 46, 65, 73, 66, 88, 39, 62, 16, 69, 0, 26, 23, 55, 73, 18, 12, 64, 87, 75]
91 [126,135] 83 Distance: [34, 82, 78, 18, 22, 76, 61, 41, 56, 89, 77, 31, 67, 39, 75, 44, 72, 64, 68, 72, 74, 12, 27, 33, 48, 33, 32, 33, 80, 26, 28, 24, 82, 65, 36, 18, 70, 70, 87, 63, 44, 14, 19, 45, 45, 23, 30, 74, 73, 41, 79, 18, 57, 20, 54, 34, 75, 39, 20, 35, 77, 79, 52, 62, 36, 40, 19, 71, 65, 63, 40, 83, 39, 37, 46, 63, 68, 79, 27, 42, 18, 74, 40, 59, 68, 89, 74, 39, 88, 88, 26, 0, 35, 37, 26, 78, 10, 74, 63, 18]
92 [35,320] 79 Distance: [64, 53, 25, 84, 29, 68, 80, 60, 58, 73, 14, 69, 50, 30, 18, 16, 38, 24, 84, 10, 67, 26, 61, 22, 86, 54, 28, 81, 22, 29, 38, 64, 68, 65, 55, 29, 75, 39, 19, 56, 63, 54, 23, 37, 57, 73, 88, 46, 75, 82, 39, 61, 72, 23, 16, 47, 74, 40, 59, 37, 77, 14, 76, 28, 13, 39, 38, 50, 71, 52, 60, 70, 58, 42, 31, 80, 45, 65, 63, 89, 26, 76, 82, 52, 36, 16, 76, 16, 74, 49, 23, 35, 0, 12, 85, 68, 32, 81, 37, 20]
93 [75,240] 68 Distance: [14, 15, 69, 28, 79, 44, 85, 89, 48, 63, 82, 41, 49, 83, 33, 75, 83, 33, 68, 44, 30, 69, 39, 64, 89, 16, 22, 89, 87, 56, 69, 47, 22, 62, 83, 61, 64, 62, 73, 20, 78, 39, 42, 58, 50, 19, 34, 88, 75, 54, 34, 17, 70, 88, 85, 46, 43, 58, 30, 78, 44, 75, 33, 28, 16, 87, 14, 24, 31, 77, 68, 78, 69, 62, 10, 36, 42, 17, 42, 11, 33, 11, 31, 46, 56, 54, 40, 53, 78, 32, 55, 37, 12, 0, 51, 83, 64, 63, 76, 76]
94 [143,354] 1 Distance: [25, 36, 63, 10, 53, 59, 16, 12, 19, 45, 52, 45, 32, 76, 29, 78, 38, 85, 60, 73, 34, 67, 12, 40, 54, 54, 19, 87, 45, 14, 70, 86, 89, 88, 43, 64, 56, 15, 33, 33, 18, 24, 16, 20, 65, 63, 15, 45, 44, 41, 22, 10, 32, 30, 23, 24, 59, 75, 89, 22, 66, 44, 21, 45, 65, 46, 34, 78, 32, 57, 82, 75, 17, 84, 74, 42, 35, 12, 34, 41, 70, 73, 16, 79, 42, 85, 33, 53, 49, 51, 73, 26, 85, 51, 0, 52, 66, 49, 17, 30]
95 [59,287] 81 Distance: [13, 33, 68, 28, 13, 52, 11, 84, 56, 67, 16, 47, 62, 86, 63, 76, 20, 86, 67, 74, 15, 30, 28, 79, 18, 38, 38, 55, 71, 60, 18, 23, 33, 84, 21, 16, 67, 63, 24, 62, 30, 74, 40, 89, 47, 73, 29, 43, 26, 47, 81, 60, 70, 66, 11, 42, 58, 76, 10, 82, 58, 47, 25, 61, 66, 76, 75, 38, 67, 34, 41, 69, 79, 53, 14, 40, 24, 47, 28, 15, 71, 87, 35, 35, 15, 66, 53, 31, 66, 71, 18, 78, 68, 83, 52, 0, 39, 21, 53, 25]
96 [160,230] 10 Distance: [64, 63, 18, 89, 37, 60, 40, 30, 59, 37, 68, 22, 26, 72, 82, 80, 46, 20, 43, 44, 16, 38, 86, 68, 58, 52, 20, 17, 28, 39, 52, 48, 78, 38, 76, 41, 89, 34, 75, 29, 73, 51, 72, 26, 85, 77, 65, 40, 77, 66, 88, 81, 25, 57, 35, 56, 36, 43, 59, 38, 42, 78, 27, 31, 35, 14, 15, 31, 50, 27, 51, 64, 34, 66, 48, 22, 78, 74, 61, 85, 87, 14, 14, 28, 71, 39, 32, 29, 22, 10, 12, 10, 32, 64, 66, 39, 0, 44, 35, 75]
97 [143,397] 88 Distance: [41, 11, 54, 34, 61, 69, 56, 27, 35, 19, 17, 30, 42, 67, 21, 78, 24, 42, 88, 42, 50, 78, 70, 23, 65, 23, 37, 49, 42, 54, 43, 13, 74, 53, 22, 25, 78, 35, 31, 54, 20, 84, 15, 18, 68, 68, 56, 49, 58, 31, 53, 28, 17, 70, 82, 71, 52, 33, 69, 44, 63, 37, 28, 43, 23, 55, 71, 62, 59, 37, 47, 22, 51, 85, 71, 57, 15, 46, 18, 37, 43, 41, 13, 68, 66, 26, 30, 14, 19, 16, 64, 74, 81, 63, 49, 21, 44, 0, 31, 24]
98 [150,167] 59 Distance: [36, 77, 31, 61, 60, 88, 47, 81, 75, 50, 87, 53, 69, 40, 53, 80, 54, 14, 61, 71, 61, 43, 22, 62, 60, 16, 35, 47, 54, 48, 60, 65, 69, 85, 73, 48, 78, 47, 43, 80, 65, 71, 54, 35, 41, 56, 13, 67, 40, 86, 56, 52, 31, 12, 34, 27, 20, 26, 61, 38, 57, 39, 84, 33, 26, 67, 79, 60, 11, 68, 29, 31, 11, 86, 49, 38, 17, 46, 26, 33, 29, 41, 11, 13, 26, 72, 27, 73, 25, 40, 87, 63, 37, 76, 17, 53, 35, 31, 0, 84]
99 [17,463] 27 Distance: [48, 32, 49, 22, 22, 59, 45, 36, 11, 63, 85, 42, 56, 47, 50, 75, 37, 34, 38, 49, 73, 49, 75, 55, 41, 89, 41, 82, 31, 68, 73, 68, 21, 25, 76, 63, 63, 72, 45, 56, 10, 11, 57, 29, 61, 12, 60, 36, 62, 31, 79, 22, 36, 17, 68, 73, 87, 83, 79, 78, 37, 78, 59, 59, 19, 38, 73, 56, 48, 54, 43, 39, 24, 28, 68, 22, 36, 89, 47, 21, 63, 80, 63, 35, 39, 77, 59, 61, 15, 44, 75, 18, 20, 76, 30, 25, 75, 24, 84, 0]
