0 [0,720] 0 Distance: [0, 70, 29, 76, 54, 74, 82, 31, 69, 74, 73, 27, 48, 16, 57, 61, 29, 34, 45, 86, 38, 11, 71, 32, 61, 85, 63, 74, 45, 64, 19, 88, 55, 52, 77, 20, 36, 77, 88, 65]
1 [63,127] 84 Distance: [70, 0, 38, 43, 57, 77, 38, 27, 57, 39, 19, 48, 44, 72, 49, 88, 31, 23, 18, 85, 64, 28, 24, 17, 61, 84, 24, 82, 72, 20, 29, 40, 10, 89, 86, 66, 64, 14, 62, 17]
2 [106,450] 35 Distance: [29, 38, 0, 87, 24, 21, 85, 80, 44, 79, 19, 63, 64, 41, 88, 22, 46, 20, 87, 57, 68, 32, 78, 30, 25, 70, 71, 83, 26, 34, 26, 43, 82, 11, 16, 38, 57, 16, 50, 12]
3 [42,266] 43 Distance: [76, 43, 87, 0, 35, 16, 48, 54, 89, 54, 45, 10, 53, 32, 39, 81, 54, 10, 69, 86, 36, 28, 74, 61, 61, 28, 86, 13, 14, 81, 27, 27, 29, 86, 44, 53, 19, 23, 34, 56]
4 [154,413] 42 Distance: [54, 57, 24, 35, 0, 71, 12, 40, 15, 86, 63, 38, 25, 46, 74, 12, 85, 89, 34, 68, 60, 71, 74, 26, 42, 85, 70, 39, 11, 58, 77, 72, 15, 31, 73, 77, 89, 78, 15, 78]
5 [202,366] 45 Distance: [74, 77, 21, 16, 71, 0, 26, 67, 69, 56, 52, 48, 53, 85, 46, 13, 29, 26, 35, 60, 15, 25, 71, 43, 76, 39, 72, 18, 56, 56, 28, 76, 26, 22, 13, 18, 67, 33, 78, 67]
6 [124,368] 89 Distance: [82, 38, 85, 48, 12, 26, 0, 72, 32, 72, 16, 29, 53, 69, 19, 80, 79, 40, 48, 80, 41, 55, 68, 24, 80, 23, 26, 59, 66, 50, 60, 29, 65, 71, 87, 28, 22, 15, 39, 58]
7 [26,200] 61 Distance: [31, 27, 80, 54, 40, 67, 72, 0, 35, 71, 17, 88, 17, 15, 32, 80, 24, 14, 38, 15, 77, 47, 68, 13, 53, 12, 54, 11, 24, 69, 53, 23, 65, 13, 64, 31, 50, 18, 85, 64]
8 [60,283] 63 Distance: [69, 57, 44, 89, 15, 69, 32, 35, 0, 52, 87, 40, 57, 43, 31, 86, 65, 88, 40, 84, 18, 41, 34, 16, 32, 59, 11, 89, 10, 63, 56, 11, 60, 11, 17, 34, 30, 55, 10, 16]
9 [84,113] 44 Distance: [74, 39, 79, 54, 86, 56, 72, 71, 52, 0, 61, 39, 42, 57, 84, 25, 58, 59, 71, 84, 76, 76, 43, 17, 84, 59, 53, 21, 39, 89, 14, 60, 47, 64, 79, 50, 89, 33, 79, 10]
10 [11,186] 83 Distance: [73, 19, 19, 45, 63, 52, 16, 17, 87, 61, 0, 28, 76, 54, 66, 37, 24, 29, 13, 19, 83, 85, 16, 44, 67, 48, 41, 10, 42, 31, 56, 70, 72, 73, 50, 63, 10, 69, 74, 71]
11 [140,357] 65 Distance: [27, 48, 63, 10, 38, 48, 29, 88, 40, 39, 28, 0, 81, 21, 64, 27, 78, 15, 38, 60, 72, 40, 13, 63, 80, 15, 31, 77, 12, 68, 21, 71, 48, 35, 56, 43, 11, 65, 36, 11]
12 [222,445] 55 Distance: [48, 44, 64, 53, 25, 53, 53, 17, 57, 42, 76, 81, 0, 28, 34, 57, 16, 85, 20, 59, 11, 72, 59, 42, 35, 15, 26, 44, 32, 56, 59, 53, 67, 44, 59, 56, 16, 81, 69, 40]
13 [45,450] 86 Distance: [16, 72, 41, 32, 46, 85, 69, 15, 43, 57, 54, 21, 28, 0, 73, 69, 41, 72, 72, 75, 57, 16, 88, 18, 32, 81, 81, 17, 63, 79, 78, 31, 22, 13, 45, 30, 27, 55, 82, 24]
14 [29,111] 66 Distance: [57, 49, 88, 39, 74, 46, 19, 32, 31, 84, 66, 64, 34, 73, 0, 57, 24, 88, 49, 56, 76, 37, 44, 53, 48, 25, 74, 47, 86, 19, 12, 46, 68, 80, 10, 15, 28, 33, 29, 63]
15 [167,413] 8 Distance: [61, 88, 22, 81, 12, 13, 80, 80, 86, 25, 37, 27, 57, 69, 57, 0, 70, 71, 22, 68, 89, 14, 49, 51, 25, 35, 68, 65, 10, 52, 34, 58, 34, 82, 13, 71, 13, 37, 55, 64]
16 [31,471] 51 Distance: [29, 31, 46, 54, 85, 29, 79, 24, 65, 58, 24, 78, 16, 41, 24, 70, 0, 42, 77, 89, 62, 50, 16, 28, 43, 73, 69, 85, 89, 46, 27, 14, 44, 77, 38, 63, 52, 51, 24, 28]
17 [79,227] 70 Distance: [34, 23, 20, 10, 89, 26, 40, 14, 88, 59, 29, 15, 85, 72, 88, 71, 42, 0, 10, 49, 40, 88, 87, 25, 50, 23, 44, 37, 11, 17, 65, 24, 46, 82, 61, 12, 24, 46, 47, 10]
18 [16,114] 25 Distance: [45, 18, 87, 69, 34, 35, 48, 38, 40, 71, 13, 38, 20, 72, 49, 22, 77, 10, 0, 77, 50, 71, 89, 85, 37, 36, 45, 22, 14, 11, 16, 79, 47, 49, 47, 14, 63, 37, 59, 14]
19 [43,310] 4 Distance: [86, 85, 57, 86, 68, 60, 80, 15, 84, 84, 19, 60, 59, 75, 56, 68, 89, 49, 77, 0, 54, 44, 80, 81, 81, 42, 50, 86, 69, 74, 67, 87, 64, 10, 17, 82, 11, 70, 44, 34]
20 [2,364] 41 Distance: [38, 64, 68, 36, 60, 15, 41, 77, 18, 76, 83, 72, 11, 57, 76, 89, 62, 40, 50, 54, 0, 59, 80, 85, 41, 39, 57, 82, 44, 20, 63, 79, 59, 44, 34, 62, 11, 30, 68, 15]
21 [1,112] 14 Distance: [11, 28, 32, 28, 71, 25, 55, 47, 41, 76, 85, 40, 72, 16, 37, 14, 50, 88, 71, 44, 59, 0, 82, 46, 45, 74, 31, 61, 88, 89, 35, 35, 30, 67, 32, 73, 77, 83, 76, 19]
22 [43,339] 20 Distance: [71, 24, 78, 74, 74, 71, 68, 68, 34, 43, 16, 13, 59, 88, 44, 49, 16, 87, 89, 80, 80, 82, 0, 20, 71, 66, 42, 14, 20, 69, 88, 56, 39, 82, 61, 81, 39, 49, 78, 61]
23 [32,164] 89 Distance: [32, 17, 30, 61, 26, 43, 24, 13, 16, 17, 44, 63, 42, 18, 53, 51, 28, 25, 85, 81, 85, 46, 20, 0, 38, 71, 61, 38, 21, 60, 19, 79, 39, 84, 10, 54, 14, 12, 56, 86]
24 [44,249] 80 Distance: [61, 61, 25, 61, 42, 76, 80, 53, 32, 84, 67, 80, 35, 32, 48, 25, 43, 50, 37, 81, 41, 45, 71, 38, 0, 66, 34, 69, 54, 80, 81, 61, 50, 79, 72, 33, 51, 77, 86, 40]
25 [79,115] 68 Distance: [85, 84, 70, 28, 85, 39, 23, 12, 59, 59, 48, 15, 15, 81, 25, 35, 73, 23, 36, 42, 39, 74, 66, 71, 66, 0, 62, 56, 69, 19, 38, 25, 64, 63, 78, 43, 33, 83, 15, 10]
26 [189,461] 7 Distance: [63, 24, 71, 86, 70, 72, 26, 54, 11, 53, 41, 31, 26, 81, 74, 68, 69, 44, 45, 50, 57, 31, 42, 61, 34, 62, 0, 44, 24, 19, 38, 49, 56, 12, 54, 82, 48, 35, 25, 34]
27 [73,355] 46 Distance: [74, 82, 83, 13, 39, 18, 59, 11, 89, 21, 10, 77, 44, 17, 47, 65, 85, 37, 22, 86, 82, 61, 14, 38, 69, 56, 44, 0, 63, 48, 71, 38, 17, 67, 71, 27, 85, 78, 10, 51]
28 [84,88] 69 Distance: [45, 72, 26, 14, 11, 56, 66, 24, 10, 39, 42, 12, 32, 63, 86, 10, 89, 11, 14, 69, 44, 88, 20, 21, 54, 69, 24, 63, 0, 89, 79, 68, 13, 72, 13, 75, 80, 89, 46, 71]
29 [237,336] 11 Distance: [64, 20, 34, 81, 58, 56, 50, 69, 63, 89, 31, 68, 56, 79, 19, 52, 46, 17, 11, 74, 20, 89, 69, 60, 80, 19, 19, 48, 89, 0, 52, 25, 18, 58, 45, 19, 48, 89, 52, 76]
30 [25,287] 13 Distance: [19, 29, 26, 27, 77, 28, 60, 53, 56, 14, 56, 21, 59, 78, 12, 34, 27, 65, 16, 67, 63, 35, 88, 19, 81, 38, 38, 71, 79, 52, 0, 43, 24, 68, 75, 81, 68, 30, 69, 32]
31 [83,184] 6 Distance: [88, 40, 43, 27, 72, 76, 29, 23, 11, 60, 70, 71, 53, 31, 46, 58, 14, 24, 79, 87, 79, 35, 56, 79, 61, 25, 49, 38, 68, 25, 43, 0, 26, 26, 23, 21, 37, 27, 12, 66]
32 [109,203] 8 Distance: [55, 10, 82, 29, 15, 26, 65, 65, 60, 47, 72, 48, 67, 22, 68, 34, 44, 46, 47, 64, 59, 30, 39, 39, 50, 64, 56, 17, 13, 18, 24, 26, 0, 84, 60, 15, 43, 42, 77, 58]
33 [26,324] 35 Distance: [52, 89, 11, 86, 31, 22, 71, 13, 11, 64, 73, 35, 44, 13, 80, 82, 77, 82, 49, 10, 44, 67, 82, 84, 79, 63, 12, 67, 72, 58, 68, 26, 84, 0, 78, 31, 85, 44, 29, 36]
34 [90,177] 20 Distance: [77, 86, 16, 44, 73, 13, 87, 64, 17, 79, 50, 56, 59, 45, 10, 13, 38, 61, 47, 17, 34, 32, 61, 10, 72, 78, 54, 71, 13, 45, 75, 23, 60, 78, 0, 34, 73, 41, 36, 84]
35 [24,75] 55 Distance: [20, 66, 38, 53, 77, 18, 28, 31, 34, 50, 63, 43, 56, 30, 15, 71, 63, 12, 14, 82, 62, 73, 81, 54, 33, 43, 82, 27, 75, 19, 81, 21, 15, 31, 34, 0, 44, 60, 70, 50]
36 [185,368] 12 Distance: [36, 64, 57, 19, 89, 67, 22, 50, 30, 89, 10, 11, 16, 27, 28, 13, 52, 24, 63, 11, 11, 77, 39, 14, 51, 33, 48, 85, 80, 48, 68, 37, 43, 85, 73, 44, 0, 72, 50, 30]
37 [40,280] 68 Distance: [77, 14, 16, 23, 78, 33, 15, 18, 55, 33, 69, 65, 81, 55, 33, 37, 51, 46, 37, 70, 30, 83, 49, 12, 77, 83, 35, 78, 89, 89, 30, 27, 42, 44, 41, 60, 72, 0, 24, 76]
38 [228,439] 70 Distance: [88, 62, 50, 34, 15, 78, 39, 85, 10, 79, 74, 36, 69, 82, 29, 55, 24, 47, 59, 44, 68, 76, 78, 56, 86, 15, 25, 10, 46, 52, 69, 12, 77, 29, 36, 70, 50, 24, 0, 21]
39 [189,438] 66 Distance: [65, 17, 12, 56, 78, 67, 58, 64, 16, 10, 71, 11, 40, 24, 63, 64, 28, 10, 14, 34, 15, 19, 61, 86, 40, 10, 34, 51, 71, 76, 32, 66, 58, 36, 84, 50, 30, 76, 21, 0]
